/*--------------------------------*- C++ -*----------------------------------*\
| =========                 |                                                 |
| \\      /  F ield         | foam-extend: Open Source CFD                    |
|  \\    /   O peration     | Version:     4.1                                |
|   \\  /    A nd           | Web:         http://www.foam-extend.org         |
|    \\/     M anipulation  |                                                 |
\*---------------------------------------------------------------------------*/
FoamFile
{
    version     2.0;
    format      ascii;
    class       labelList;
    note        "nPoints: 15918 nCells: 7704 nFaces: 31070 nInternalFaces: 15154";
    location    "constant/polyMesh";
    object      neighbour;
}
// * * * * * * * * * * * * * * * * * * * * * * * * * * * * * * * * * * * * * //


15154
(
1
28
2
29
3
30
4
31
5
32
6
33
7
34
8
35
9
36
10
37
11
38
12
39
13
40
14
41
15
42
16
43
17
44
18
45
19
46
20
47
21
48
22
49
23
50
24
51
25
52
26
53
27
54
55
29
56
30
57
31
58
32
59
33
60
34
61
35
62
36
63
37
64
38
65
39
66
40
67
41
68
42
69
43
70
44
71
45
72
46
73
47
74
48
75
49
76
50
77
51
78
52
79
53
80
54
81
55
82
83
57
84
58
85
59
86
60
87
61
88
62
89
63
90
64
91
65
92
66
93
67
94
68
95
69
96
70
97
71
98
72
99
73
100
74
101
75
102
76
103
77
104
78
105
79
106
80
107
81
108
82
109
83
110
111
85
112
86
113
87
114
88
115
89
116
90
117
91
118
92
119
93
120
94
121
95
122
96
123
97
124
98
125
99
126
100
127
101
128
102
129
103
130
104
131
105
132
106
133
107
134
108
135
109
136
110
137
111
138
139
113
140
114
141
115
142
116
143
117
144
118
145
119
146
120
147
121
148
122
149
123
150
124
151
125
152
126
153
127
154
128
155
129
156
130
157
131
158
132
159
133
160
134
161
135
162
136
163
137
164
138
165
139
166
167
141
168
142
169
143
170
144
171
145
172
146
173
147
174
148
175
149
176
150
177
151
178
152
179
153
180
154
181
155
182
156
183
157
184
158
185
159
186
160
187
161
188
162
189
163
190
164
191
165
192
166
193
167
194
195
169
196
170
197
171
198
172
199
173
200
174
201
175
202
176
203
177
204
178
205
179
206
180
207
181
208
182
209
183
210
184
211
185
212
186
213
187
214
188
215
189
216
190
217
191
218
192
219
193
220
194
221
195
222
223
197
224
198
225
199
226
200
227
201
228
202
229
203
230
204
231
205
232
206
233
207
234
208
235
209
236
210
237
211
238
212
239
213
240
214
241
215
242
216
243
217
244
218
245
219
246
220
247
221
248
222
249
223
250
251
225
252
226
253
227
254
228
255
229
256
230
257
231
258
232
259
233
260
234
261
235
262
236
263
237
264
238
265
239
266
240
267
241
268
242
269
243
270
244
271
245
272
246
273
247
274
248
275
249
276
250
277
251
278
279
253
280
254
281
255
282
256
283
257
284
258
285
259
286
260
287
261
288
262
289
263
290
264
291
265
292
266
293
267
294
268
295
269
296
270
297
271
298
272
299
273
300
274
301
275
302
276
303
277
304
278
305
279
306
307
281
308
282
309
283
310
284
311
285
312
286
313
287
314
288
315
289
316
290
317
291
318
292
319
293
320
294
321
295
322
296
323
297
324
298
325
299
326
300
327
301
328
302
329
303
330
304
331
305
332
306
333
307
334
335
309
336
310
337
311
338
312
339
313
340
314
341
315
342
316
343
317
344
318
345
319
346
320
347
321
348
322
349
323
350
324
351
325
352
326
353
327
354
328
355
329
356
330
357
331
358
332
359
333
360
334
361
335
362
363
337
364
338
365
339
366
340
367
341
368
342
369
343
370
344
371
345
372
346
373
347
374
348
375
349
376
350
377
351
378
352
379
353
380
354
381
355
382
356
383
357
384
358
385
359
386
360
387
361
388
362
389
363
390
391
365
392
366
393
367
394
368
395
369
396
370
397
371
398
372
399
373
400
374
401
375
402
376
403
377
404
378
405
379
406
380
407
381
408
382
409
383
410
384
411
385
412
386
413
387
414
388
415
389
416
390
417
391
418
419
393
420
394
421
395
422
396
423
397
424
398
425
399
426
400
427
401
428
402
429
403
430
404
431
405
432
406
433
407
434
408
435
409
436
410
437
411
438
412
439
413
440
414
441
415
442
416
443
417
444
418
445
419
446
447
421
448
422
449
423
450
424
451
425
452
426
453
427
454
428
455
429
456
430
457
431
458
432
459
433
460
434
461
435
462
436
463
437
464
438
465
439
466
440
467
441
468
442
469
443
470
444
471
445
472
446
473
447
474
475
449
476
450
477
451
478
452
479
453
480
454
481
455
482
456
483
457
484
458
485
459
486
460
487
461
488
462
489
463
490
464
491
465
492
466
493
467
494
468
495
469
496
470
497
471
498
472
499
473
500
474
501
475
502
503
477
504
478
505
479
506
480
507
481
508
482
509
483
510
484
511
485
512
486
513
487
514
488
515
489
516
490
517
491
518
492
519
493
520
494
521
495
522
496
523
497
524
498
525
499
526
500
527
501
528
502
529
503
530
531
505
532
506
533
507
534
508
535
509
536
510
537
511
538
512
539
513
540
514
541
515
542
516
543
517
544
518
545
519
546
520
547
521
548
522
549
523
550
524
551
525
552
526
553
527
554
528
555
529
556
530
557
531
558
559
533
560
534
561
535
562
536
563
537
564
538
565
539
566
540
567
541
568
542
569
543
570
544
571
545
572
546
573
547
574
548
575
549
576
550
577
551
578
552
579
553
580
554
581
555
582
556
583
557
584
558
585
559
586
587
561
588
562
589
563
590
564
591
565
592
566
593
567
594
568
595
569
596
570
597
571
598
572
599
573
600
574
601
575
602
576
603
577
604
578
605
579
606
580
607
581
608
582
609
583
610
584
611
585
612
586
613
587
614
615
589
616
590
617
591
618
592
619
593
620
594
621
595
622
596
623
597
624
598
625
599
626
600
627
601
628
602
629
603
630
604
631
605
632
606
633
607
634
608
635
609
636
610
637
611
638
612
639
613
640
614
641
615
642
643
617
644
618
645
619
646
620
647
621
648
622
649
623
650
624
651
625
652
626
653
627
654
628
655
629
656
630
657
631
658
632
659
633
660
634
661
635
662
636
663
637
664
638
665
639
666
640
667
641
668
642
669
643
670
671
645
672
646
673
647
674
648
675
649
676
650
677
651
678
652
679
653
680
654
681
655
682
656
683
657
684
658
685
659
686
660
687
661
688
662
689
663
690
664
691
665
692
666
693
667
694
668
695
669
696
670
697
671
698
699
673
700
674
701
675
702
676
703
677
704
678
705
679
706
680
707
681
708
682
709
683
710
684
711
685
712
686
713
687
714
688
715
689
716
690
717
691
718
692
719
693
720
694
721
695
722
696
723
697
724
698
725
699
726
727
701
728
702
729
703
730
704
731
705
732
706
733
707
734
708
735
709
736
710
737
711
738
712
739
713
740
714
741
715
742
716
743
717
744
718
745
719
746
720
747
721
748
722
749
723
750
724
751
725
752
726
753
727
754
755
729
1944
730
1945
731
1946
732
1947
733
1948
734
1949
735
1950
736
1951
737
1952
738
1953
739
1954
740
1955
741
1956
742
1957
743
1958
744
1959
745
1960
746
1961
747
1962
748
1963
749
1964
750
1965
751
1966
752
1967
753
1968
754
1969
755
1970
1971
757
762
758
763
759
764
760
765
761
766
767
918
763
768
764
769
765
770
766
771
767
772
773
922
769
774
770
775
771
776
772
777
773
778
779
926
775
780
776
781
777
782
778
783
779
784
785
930
781
786
782
787
783
788
784
789
785
790
791
934
787
792
788
793
789
794
790
795
791
796
797
938
793
798
794
799
795
800
796
801
797
802
803
942
799
804
800
805
801
806
802
807
803
808
809
946
805
810
806
811
807
812
808
813
809
814
815
950
811
816
812
817
813
818
814
819
815
820
821
954
817
822
818
823
819
824
820
825
821
826
827
958
823
828
824
829
825
830
826
831
827
832
833
962
829
834
830
835
831
836
832
837
833
838
839
966
835
840
836
841
837
842
838
843
839
844
845
970
841
846
842
847
843
848
844
849
845
850
851
974
847
852
848
853
849
854
850
855
851
856
857
978
853
858
854
859
855
860
856
861
857
862
863
982
859
864
860
865
861
866
862
867
863
868
869
986
865
870
866
871
867
872
868
873
869
874
875
990
871
876
872
877
873
878
874
879
875
880
881
994
877
882
878
883
879
884
880
885
881
886
887
998
883
888
884
889
885
890
886
891
887
892
893
1002
889
894
890
895
891
896
892
897
893
898
899
1006
895
900
896
901
897
902
898
903
899
904
905
1010
901
906
902
907
903
908
904
909
905
910
911
1014
907
912
908
913
909
914
910
915
911
916
917
1018
913
2504
914
2505
915
2506
916
2507
917
2508
1022
2509
919
922
920
923
921
924
925
1026
923
926
924
927
925
928
929
1032
927
930
928
931
929
932
933
1038
931
934
932
935
933
936
937
1044
935
938
936
939
937
940
941
1050
939
942
940
943
941
944
945
1056
943
946
944
947
945
948
949
1062
947
950
948
951
949
952
953
1068
951
954
952
955
953
956
957
1074
955
958
956
959
957
960
961
1080
959
962
960
963
961
964
965
1086
963
966
964
967
965
968
969
1092
967
970
968
971
969
972
973
1098
971
974
972
975
973
976
977
1104
975
978
976
979
977
980
981
1110
979
982
980
983
981
984
985
1116
983
986
984
987
985
988
989
1122
987
990
988
991
989
992
993
1128
991
994
992
995
993
996
997
1134
995
998
996
999
997
1000
1001
1140
999
1002
1000
1003
1001
1004
1005
1146
1003
1006
1004
1007
1005
1008
1009
1152
1007
1010
1008
1011
1009
1012
1013
1158
1011
1014
1012
1015
1013
1016
1017
1164
1015
1018
1016
1019
1017
1020
1021
1170
1019
1022
1020
1023
1021
1024
1025
1176
1023
2624
1024
2625
1025
2626
1182
2627
1027
1032
1028
1033
1029
1034
1030
1035
1031
1036
1037
1033
1038
1034
1039
1035
1040
1036
1041
1037
1042
1043
1039
1044
1040
1045
1041
1046
1042
1047
1043
1048
1049
1045
1050
1046
1051
1047
1052
1048
1053
1049
1054
1055
1051
1056
1052
1057
1053
1058
1054
1059
1055
1060
1061
1057
1062
1058
1063
1059
1064
1060
1065
1061
1066
1067
1063
1068
1064
1069
1065
1070
1066
1071
1067
1072
1073
1069
1074
1070
1075
1071
1076
1072
1077
1073
1078
1079
1075
1080
1076
1081
1077
1082
1078
1083
1079
1084
1085
1081
1086
1082
1087
1083
1088
1084
1089
1085
1090
1091
1087
1092
1088
1093
1089
1094
1090
1095
1091
1096
1097
1093
1098
1094
1099
1095
1100
1096
1101
1097
1102
1103
1099
1104
1100
1105
1101
1106
1102
1107
1103
1108
1109
1105
1110
1106
1111
1107
1112
1108
1113
1109
1114
1115
1111
1116
1112
1117
1113
1118
1114
1119
1115
1120
1121
1117
1122
1118
1123
1119
1124
1120
1125
1121
1126
1127
1123
1128
1124
1129
1125
1130
1126
1131
1127
1132
1133
1129
1134
1130
1135
1131
1136
1132
1137
1133
1138
1139
1135
1140
1136
1141
1137
1142
1138
1143
1139
1144
1145
1141
1146
1142
1147
1143
1148
1144
1149
1145
1150
1151
1147
1152
1148
1153
1149
1154
1150
1155
1151
1156
1157
1153
1158
1154
1159
1155
1160
1156
1161
1157
1162
1163
1159
1164
1160
1165
1161
1166
1162
1167
1163
1168
1169
1165
1170
1166
1171
1167
1172
1168
1173
1169
1174
1175
1171
1176
1172
1177
1173
1178
1174
1179
1175
1180
1181
1177
1182
1178
1183
1179
1184
1180
1185
1181
1186
1187
1183
2704
1184
2705
1185
2706
1186
2707
1187
2708
2709
1189
1216
1190
1217
1191
1218
1192
1219
1193
1220
1194
1221
1195
1222
1196
1223
1197
1224
1198
1225
1199
1226
1200
1227
1201
1228
1202
1229
1203
1230
1204
1231
1205
1232
1206
1233
1207
1234
1208
1235
1209
1236
1210
1237
1211
1238
1212
1239
1213
1240
1214
1241
1215
1242
1243
1217
1244
1218
1245
1219
1246
1220
1247
1221
1248
1222
1249
1223
1250
1224
1251
1225
1252
1226
1253
1227
1254
1228
1255
1229
1256
1230
1257
1231
1258
1232
1259
1233
1260
1234
1261
1235
1262
1236
1263
1237
1264
1238
1265
1239
1266
1240
1267
1241
1268
1242
1269
1243
1270
1271
1245
1272
1246
1273
1247
1274
1248
1275
1249
1276
1250
1277
1251
1278
1252
1279
1253
1280
1254
1281
1255
1282
1256
1283
1257
1284
1258
1285
1259
1286
1260
1287
1261
1288
1262
1289
1263
1290
1264
1291
1265
1292
1266
1293
1267
1294
1268
1295
1269
1296
1270
1297
1271
1298
1299
1273
1300
1274
1301
1275
1302
1276
1303
1277
1304
1278
1305
1279
1306
1280
1307
1281
1308
1282
1309
1283
1310
1284
1311
1285
1312
1286
1313
1287
1314
1288
1315
1289
1316
1290
1317
1291
1318
1292
1319
1293
1320
1294
1321
1295
1322
1296
1323
1297
1324
1298
1325
1299
1326
1327
1301
1328
1302
1329
1303
1330
1304
1331
1305
1332
1306
1333
1307
1334
1308
1335
1309
1336
1310
1337
1311
1338
1312
1339
1313
1340
1314
1341
1315
1342
1316
1343
1317
1344
1318
1345
1319
1346
1320
1347
1321
1348
1322
1349
1323
1350
1324
1351
1325
1352
1326
1353
1327
1354
1355
1329
1356
1330
1357
1331
1358
1332
1359
1333
1360
1334
1361
1335
1362
1336
1363
1337
1364
1338
1365
1339
1366
1340
1367
1341
1368
1342
1369
1343
1370
1344
1371
1345
1372
1346
1373
1347
1374
1348
1375
1349
1376
1350
1377
1351
1378
1352
1379
1353
1380
1354
1381
1355
1382
1383
1357
1384
1358
1385
1359
1386
1360
1387
1361
1388
1362
1389
1363
1390
1364
1391
1365
1392
1366
1393
1367
1394
1368
1395
1369
1396
1370
1397
1371
1398
1372
1399
1373
1400
1374
1401
1375
1402
1376
1403
1377
1404
1378
1405
1379
1406
1380
1407
1381
1408
1382
1409
1383
1410
1411
1385
1412
1386
1413
1387
1414
1388
1415
1389
1416
1390
1417
1391
1418
1392
1419
1393
1420
1394
1421
1395
1422
1396
1423
1397
1424
1398
1425
1399
1426
1400
1427
1401
1428
1402
1429
1403
1430
1404
1431
1405
1432
1406
1433
1407
1434
1408
1435
1409
1436
1410
1437
1411
1438
1439
1413
1440
1414
1441
1415
1442
1416
1443
1417
1444
1418
1445
1419
1446
1420
1447
1421
1448
1422
1449
1423
1450
1424
1451
1425
1452
1426
1453
1427
1454
1428
1455
1429
1456
1430
1457
1431
1458
1432
1459
1433
1460
1434
1461
1435
1462
1436
1463
1437
1464
1438
1465
1439
1466
1467
1441
1468
1442
1469
1443
1470
1444
1471
1445
1472
1446
1473
1447
1474
1448
1475
1449
1476
1450
1477
1451
1478
1452
1479
1453
1480
1454
1481
1455
1482
1456
1483
1457
1484
1458
1485
1459
1486
1460
1487
1461
1488
1462
1489
1463
1490
1464
1491
1465
1492
1466
1493
1467
1494
1495
1469
1496
1470
1497
1471
1498
1472
1499
1473
1500
1474
1501
1475
1502
1476
1503
1477
1504
1478
1505
1479
1506
1480
1507
1481
1508
1482
1509
1483
1510
1484
1511
1485
1512
1486
1513
1487
1514
1488
1515
1489
1516
1490
1517
1491
1518
1492
1519
1493
1520
1494
1521
1495
1522
1523
1497
1524
1498
1525
1499
1526
1500
1527
1501
1528
1502
1529
1503
1530
1504
1531
1505
1532
1506
1533
1507
1534
1508
1535
1509
1536
1510
1537
1511
1538
1512
1539
1513
1540
1514
1541
1515
1542
1516
1543
1517
1544
1518
1545
1519
1546
1520
1547
1521
1548
1522
1549
1523
1550
1551
1525
1552
1526
1553
1527
1554
1528
1555
1529
1556
1530
1557
1531
1558
1532
1559
1533
1560
1534
1561
1535
1562
1536
1563
1537
1564
1538
1565
1539
1566
1540
1567
1541
1568
1542
1569
1543
1570
1544
1571
1545
1572
1546
1573
1547
1574
1548
1575
1549
1576
1550
1577
1551
1578
1579
1553
1580
1554
1581
1555
1582
1556
1583
1557
1584
1558
1585
1559
1586
1560
1587
1561
1588
1562
1589
1563
1590
1564
1591
1565
1592
1566
1593
1567
1594
1568
1595
1569
1596
1570
1597
1571
1598
1572
1599
1573
1600
1574
1601
1575
1602
1576
1603
1577
1604
1578
1605
1579
1606
1607
1581
1608
1582
1609
1583
1610
1584
1611
1585
1612
1586
1613
1587
1614
1588
1615
1589
1616
1590
1617
1591
1618
1592
1619
1593
1620
1594
1621
1595
1622
1596
1623
1597
1624
1598
1625
1599
1626
1600
1627
1601
1628
1602
1629
1603
1630
1604
1631
1605
1632
1606
1633
1607
1634
1635
1609
1636
1610
1637
1611
1638
1612
1639
1613
1640
1614
1641
1615
1642
1616
1643
1617
1644
1618
1645
1619
1646
1620
1647
1621
1648
1622
1649
1623
1650
1624
1651
1625
1652
1626
1653
1627
1654
1628
1655
1629
1656
1630
1657
1631
1658
1632
1659
1633
1660
1634
1661
1635
1662
1663
1637
1664
1638
1665
1639
1666
1640
1667
1641
1668
1642
1669
1643
1670
1644
1671
1645
1672
1646
1673
1647
1674
1648
1675
1649
1676
1650
1677
1651
1678
1652
1679
1653
1680
1654
1681
1655
1682
1656
1683
1657
1684
1658
1685
1659
1686
1660
1687
1661
1688
1662
1689
1663
1690
1691
1665
1692
1666
1693
1667
1694
1668
1695
1669
1696
1670
1697
1671
1698
1672
1699
1673
1700
1674
1701
1675
1702
1676
1703
1677
1704
1678
1705
1679
1706
1680
1707
1681
1708
1682
1709
1683
1710
1684
1711
1685
1712
1686
1713
1687
1714
1688
1715
1689
1716
1690
1717
1691
1718
1719
1693
1720
1694
1721
1695
1722
1696
1723
1697
1724
1698
1725
1699
1726
1700
1727
1701
1728
1702
1729
1703
1730
1704
1731
1705
1732
1706
1733
1707
1734
1708
1735
1709
1736
1710
1737
1711
1738
1712
1739
1713
1740
1714
1741
1715
1742
1716
1743
1717
1744
1718
1745
1719
1746
1747
1721
1748
1722
1749
1723
1750
1724
1751
1725
1752
1726
1753
1727
1754
1728
1755
1729
1756
1730
1757
1731
1758
1732
1759
1733
1760
1734
1761
1735
1762
1736
1763
1737
1764
1738
1765
1739
1766
1740
1767
1741
1768
1742
1769
1743
1770
1744
1771
1745
1772
1746
1773
1747
1774
1775
1749
1776
1750
1777
1751
1778
1752
1779
1753
1780
1754
1781
1755
1782
1756
1783
1757
1784
1758
1785
1759
1786
1760
1787
1761
1788
1762
1789
1763
1790
1764
1791
1765
1792
1766
1793
1767
1794
1768
1795
1769
1796
1770
1797
1771
1798
1772
1799
1773
1800
1774
1801
1775
1802
1803
1777
1804
1778
1805
1779
1806
1780
1807
1781
1808
1782
1809
1783
1810
1784
1811
1785
1812
1786
1813
1787
1814
1788
1815
1789
1816
1790
1817
1791
1818
1792
1819
1793
1820
1794
1821
1795
1822
1796
1823
1797
1824
1798
1825
1799
1826
1800
1827
1801
1828
1802
1829
1803
1830
1831
1805
1832
1806
1833
1807
1834
1808
1835
1809
1836
1810
1837
1811
1838
1812
1839
1813
1840
1814
1841
1815
1842
1816
1843
1817
1844
1818
1845
1819
1846
1820
1847
1821
1848
1822
1849
1823
1850
1824
1851
1825
1852
1826
1853
1827
1854
1828
1855
1829
1856
1830
1857
1831
1858
1859
1833
1860
1834
1861
1835
1862
1836
1863
1837
1864
1838
1865
1839
1866
1840
1867
1841
1868
1842
1869
1843
1870
1844
1871
1845
1872
1846
1873
1847
1874
1848
1875
1849
1876
1850
1877
1851
1878
1852
1879
1853
1880
1854
1881
1855
1882
1856
1883
1857
1884
1858
1885
1859
1886
1887
1861
1888
1862
1889
1863
1890
1864
1891
1865
1892
1866
1893
1867
1894
1868
1895
1869
1896
1870
1897
1871
1898
1872
1899
1873
1900
1874
1901
1875
1902
1876
1903
1877
1904
1878
1905
1879
1906
1880
1907
1881
1908
1882
1909
1883
1910
1884
1911
1885
1912
1886
1913
1887
1914
1915
1889
1916
1890
1917
1891
1918
1892
1919
1893
1920
1894
1921
1895
1922
1896
1923
1897
1924
1898
1925
1899
1926
1900
1927
1901
1928
1902
1929
1903
1930
1904
1931
1905
1932
1906
1933
1907
1934
1908
1935
1909
1936
1910
1937
1911
1938
1912
1939
1913
1940
1914
1941
1915
1942
1943
1917
2904
1918
2905
1919
2906
1920
2907
1921
2908
1922
2909
1923
2910
1924
2911
1925
2912
1926
2913
1927
2914
1928
2915
1929
2916
1930
2917
1931
2918
1932
2919
1933
2920
1934
2921
1935
2922
1936
2923
1937
2924
1938
2925
1939
2926
1940
2927
1941
2928
1942
2929
1943
2930
2931
1945
1972
1946
1973
1947
1974
1948
1975
1949
1976
1950
1977
1951
1978
1952
1979
1953
1980
1954
1981
1955
1982
1956
1983
1957
1984
1958
1985
1959
1986
1960
1987
1961
1988
1962
1989
1963
1990
1964
1991
1965
1992
1966
1993
1967
1994
1968
1995
1969
1996
1970
1997
1971
1998
1999
1973
2000
1974
2001
1975
2002
1976
2003
1977
2004
1978
2005
1979
2006
1980
2007
1981
2008
1982
2009
1983
2010
1984
2011
1985
2012
1986
2013
1987
2014
1988
2015
1989
2016
1990
2017
1991
2018
1992
2019
1993
2020
1994
2021
1995
2022
1996
2023
1997
2024
1998
2025
1999
2026
2027
2001
2028
2002
2029
2003
2030
2004
2031
2005
2032
2006
2033
2007
2034
2008
2035
2009
2036
2010
2037
2011
2038
2012
2039
2013
2040
2014
2041
2015
2042
2016
2043
2017
2044
2018
2045
2019
2046
2020
2047
2021
2048
2022
2049
2023
2050
2024
2051
2025
2052
2026
2053
2027
2054
2055
2029
2056
2030
2057
2031
2058
2032
2059
2033
2060
2034
2061
2035
2062
2036
2063
2037
2064
2038
2065
2039
2066
2040
2067
2041
2068
2042
2069
2043
2070
2044
2071
2045
2072
2046
2073
2047
2074
2048
2075
2049
2076
2050
2077
2051
2078
2052
2079
2053
2080
2054
2081
2055
2082
2083
2057
2084
2058
2085
2059
2086
2060
2087
2061
2088
2062
2089
2063
2090
2064
2091
2065
2092
2066
2093
2067
2094
2068
2095
2069
2096
2070
2097
2071
2098
2072
2099
2073
2100
2074
2101
2075
2102
2076
2103
2077
2104
2078
2105
2079
2106
2080
2107
2081
2108
2082
2109
2083
2110
2111
2085
2112
2086
2113
2087
2114
2088
2115
2089
2116
2090
2117
2091
2118
2092
2119
2093
2120
2094
2121
2095
2122
2096
2123
2097
2124
2098
2125
2099
2126
2100
2127
2101
2128
2102
2129
2103
2130
2104
2131
2105
2132
2106
2133
2107
2134
2108
2135
2109
2136
2110
2137
2111
2138
2139
2113
2140
2114
2141
2115
2142
2116
2143
2117
2144
2118
2145
2119
2146
2120
2147
2121
2148
2122
2149
2123
2150
2124
2151
2125
2152
2126
2153
2127
2154
2128
2155
2129
2156
2130
2157
2131
2158
2132
2159
2133
2160
2134
2161
2135
2162
2136
2163
2137
2164
2138
2165
2139
2166
2167
2141
2168
2142
2169
2143
2170
2144
2171
2145
2172
2146
2173
2147
2174
2148
2175
2149
2176
2150
2177
2151
2178
2152
2179
2153
2180
2154
2181
2155
2182
2156
2183
2157
2184
2158
2185
2159
2186
2160
2187
2161
2188
2162
2189
2163
2190
2164
2191
2165
2192
2166
2193
2167
2194
2195
2169
2196
2170
2197
2171
2198
2172
2199
2173
2200
2174
2201
2175
2202
2176
2203
2177
2204
2178
2205
2179
2206
2180
2207
2181
2208
2182
2209
2183
2210
2184
2211
2185
2212
2186
2213
2187
2214
2188
2215
2189
2216
2190
2217
2191
2218
2192
2219
2193
2220
2194
2221
2195
2222
2223
2197
2224
2198
2225
2199
2226
2200
2227
2201
2228
2202
2229
2203
2230
2204
2231
2205
2232
2206
2233
2207
2234
2208
2235
2209
2236
2210
2237
2211
2238
2212
2239
2213
2240
2214
2241
2215
2242
2216
2243
2217
2244
2218
2245
2219
2246
2220
2247
2221
2248
2222
2249
2223
2250
2251
2225
2252
2226
2253
2227
2254
2228
2255
2229
2256
2230
2257
2231
2258
2232
2259
2233
2260
2234
2261
2235
2262
2236
2263
2237
2264
2238
2265
2239
2266
2240
2267
2241
2268
2242
2269
2243
2270
2244
2271
2245
2272
2246
2273
2247
2274
2248
2275
2249
2276
2250
2277
2251
2278
2279
2253
2280
2254
2281
2255
2282
2256
2283
2257
2284
2258
2285
2259
2286
2260
2287
2261
2288
2262
2289
2263
2290
2264
2291
2265
2292
2266
2293
2267
2294
2268
2295
2269
2296
2270
2297
2271
2298
2272
2299
2273
2300
2274
2301
2275
2302
2276
2303
2277
2304
2278
2305
2279
2306
2307
2281
2308
2282
2309
2283
2310
2284
2311
2285
2312
2286
2313
2287
2314
2288
2315
2289
2316
2290
2317
2291
2318
2292
2319
2293
2320
2294
2321
2295
2322
2296
2323
2297
2324
2298
2325
2299
2326
2300
2327
2301
2328
2302
2329
2303
2330
2304
2331
2305
2332
2306
2333
2307
2334
2335
2309
2336
2310
2337
2311
2338
2312
2339
2313
2340
2314
2341
2315
2342
2316
2343
2317
2344
2318
2345
2319
2346
2320
2347
2321
2348
2322
2349
2323
2350
2324
2351
2325
2352
2326
2353
2327
2354
2328
2355
2329
2356
2330
2357
2331
2358
2332
2359
2333
2360
2334
2361
2335
2362
2363
2337
2364
2338
2365
2339
2366
2340
2367
2341
2368
2342
2369
2343
2370
2344
2371
2345
2372
2346
2373
2347
2374
2348
2375
2349
2376
2350
2377
2351
2378
2352
2379
2353
2380
2354
2381
2355
2382
2356
2383
2357
2384
2358
2385
2359
2386
2360
2387
2361
2388
2362
2389
2363
2390
2391
2365
2392
2366
2393
2367
2394
2368
2395
2369
2396
2370
2397
2371
2398
2372
2399
2373
2400
2374
2401
2375
2402
2376
2403
2377
2404
2378
2405
2379
2406
2380
2407
2381
2408
2382
2409
2383
2410
2384
2411
2385
2412
2386
2413
2387
2414
2388
2415
2389
2416
2390
2417
2391
2418
2419
2393
2420
2394
2421
2395
2422
2396
2423
2397
2424
2398
2425
2399
2426
2400
2427
2401
2428
2402
2429
2403
2430
2404
2431
2405
2432
2406
2433
2407
2434
2408
2435
2409
2436
2410
2437
2411
2438
2412
2439
2413
2440
2414
2441
2415
2442
2416
2443
2417
2444
2418
2445
2419
2446
2447
2421
2448
2422
2449
2423
2450
2424
2451
2425
2452
2426
2453
2427
2454
2428
2455
2429
2456
2430
2457
2431
2458
2432
2459
2433
2460
2434
2461
2435
2462
2436
2463
2437
2464
2438
2465
2439
2466
2440
2467
2441
2468
2442
2469
2443
2470
2444
2471
2445
2472
2446
2473
2447
2474
2475
2449
2476
2450
2477
2451
2478
2452
2479
2453
2480
2454
2481
2455
2482
2456
2483
2457
2484
2458
2485
2459
2486
2460
2487
2461
2488
2462
2489
2463
2490
2464
2491
2465
2492
2466
2493
2467
2494
2468
2495
2469
2496
2470
2497
2471
2498
2472
2499
2473
2500
2474
2501
2475
2502
2503
2477
3464
2478
3465
2479
3466
2480
3467
2481
3468
2482
3469
2483
3470
2484
3471
2485
3472
2486
3473
2487
3474
2488
3475
2489
3476
2490
3477
2491
3478
2492
3479
2493
3480
2494
3481
2495
3482
2496
3483
2497
3484
2498
3485
2499
3486
2500
3487
2501
3488
2502
3489
2503
3490
3491
2505
2510
2506
2511
2507
2512
2508
2513
2509
2514
2515
2624
2511
2516
2512
2517
2513
2518
2514
2519
2515
2520
2521
2628
2517
2522
2518
2523
2519
2524
2520
2525
2521
2526
2527
2632
2523
2528
2524
2529
2525
2530
2526
2531
2527
2532
2533
2636
2529
2534
2530
2535
2531
2536
2532
2537
2533
2538
2539
2640
2535
2540
2536
2541
2537
2542
2538
2543
2539
2544
2545
2644
2541
2546
2542
2547
2543
2548
2544
2549
2545
2550
2551
2648
2547
2552
2548
2553
2549
2554
2550
2555
2551
2556
2557
2652
2553
2558
2554
2559
2555
2560
2556
2561
2557
2562
2563
2656
2559
2564
2560
2565
2561
2566
2562
2567
2563
2568
2569
2660
2565
2570
2566
2571
2567
2572
2568
2573
2569
2574
2575
2664
2571
2576
2572
2577
2573
2578
2574
2579
2575
2580
2581
2668
2577
2582
2578
2583
2579
2584
2580
2585
2581
2586
2587
2672
2583
2588
2584
2589
2585
2590
2586
2591
2587
2592
2593
2676
2589
2594
2590
2595
2591
2596
2592
2597
2593
2598
2599
2680
2595
2600
2596
2601
2597
2602
2598
2603
2599
2604
2605
2684
2601
2606
2602
2607
2603
2608
2604
2609
2605
2610
2611
2688
2607
2612
2608
2613
2609
2614
2610
2615
2611
2616
2617
2692
2613
2618
2614
2619
2615
2620
2616
2621
2617
2622
2623
2696
2619
3688
2620
3689
2621
3690
2622
3691
2623
3692
2700
3693
2625
2628
2626
2629
2627
2630
2631
2704
2629
2632
2630
2633
2631
2634
2635
2710
2633
2636
2634
2637
2635
2638
2639
2716
2637
2640
2638
2641
2639
2642
2643
2722
2641
2644
2642
2645
2643
2646
2647
2728
2645
2648
2646
2649
2647
2650
2651
2734
2649
2652
2650
2653
2651
2654
2655
2740
2653
2656
2654
2657
2655
2658
2659
2746
2657
2660
2658
2661
2659
2662
2663
2752
2661
2664
2662
2665
2663
2666
2667
2758
2665
2668
2666
2669
2667
2670
2671
2764
2669
2672
2670
2673
2671
2674
2675
2770
2673
2676
2674
2677
2675
2678
2679
2776
2677
2680
2678
2681
2679
2682
2683
2782
2681
2684
2682
2685
2683
2686
2687
2788
2685
2688
2686
2689
2687
2690
2691
2794
2689
2692
2690
2693
2691
2694
2695
2800
2693
2696
2694
2697
2695
2698
2699
2806
2697
2700
2698
2701
2699
2702
2703
2812
2701
3730
2702
3731
2703
3732
2818
3733
2705
2710
2706
2711
2707
2712
2708
2713
2709
2714
2715
2824
2711
2716
2712
2717
2713
2718
2714
2719
2715
2720
2721
2828
2717
2722
2718
2723
2719
2724
2720
2725
2721
2726
2727
2832
2723
2728
2724
2729
2725
2730
2726
2731
2727
2732
2733
2836
2729
2734
2730
2735
2731
2736
2732
2737
2733
2738
2739
2840
2735
2740
2736
2741
2737
2742
2738
2743
2739
2744
2745
2844
2741
2746
2742
2747
2743
2748
2744
2749
2745
2750
2751
2848
2747
2752
2748
2753
2749
2754
2750
2755
2751
2756
2757
2852
2753
2758
2754
2759
2755
2760
2756
2761
2757
2762
2763
2856
2759
2764
2760
2765
2761
2766
2762
2767
2763
2768
2769
2860
2765
2770
2766
2771
2767
2772
2768
2773
2769
2774
2775
2864
2771
2776
2772
2777
2773
2778
2774
2779
2775
2780
2781
2868
2777
2782
2778
2783
2779
2784
2780
2785
2781
2786
2787
2872
2783
2788
2784
2789
2785
2790
2786
2791
2787
2792
2793
2876
2789
2794
2790
2795
2791
2796
2792
2797
2793
2798
2799
2880
2795
2800
2796
2801
2797
2802
2798
2803
2799
2804
2805
2884
2801
2806
2802
2807
2803
2808
2804
2809
2805
2810
2811
2888
2807
2812
2808
2813
2809
2814
2810
2815
2811
2816
2817
2892
2813
2818
2814
2819
2815
2820
2816
2821
2817
2822
2823
2896
2819
3758
2820
3759
2821
3760
2822
3761
2823
3762
2900
3763
2825
2828
2826
2829
2827
2830
2831
2904
2829
2832
2830
2833
2831
2834
2835
2932
2833
2836
2834
2837
2835
2838
2839
2960
2837
2840
2838
2841
2839
2842
2843
2988
2841
2844
2842
2845
2843
2846
2847
3016
2845
2848
2846
2849
2847
2850
2851
3044
2849
2852
2850
2853
2851
2854
2855
3072
2853
2856
2854
2857
2855
2858
2859
3100
2857
2860
2858
2861
2859
2862
2863
3128
2861
2864
2862
2865
2863
2866
2867
3156
2865
2868
2866
2869
2867
2870
2871
3184
2869
2872
2870
2873
2871
2874
2875
3212
2873
2876
2874
2877
2875
2878
2879
3240
2877
2880
2878
2881
2879
2882
2883
3268
2881
2884
2882
2885
2883
2886
2887
3296
2885
2888
2886
2889
2887
2890
2891
3324
2889
2892
2890
2893
2891
2894
2895
3352
2893
2896
2894
2897
2895
2898
2899
3380
2897
2900
2898
2901
2899
2902
2903
3408
2901
3800
2902
3801
2903
3802
3436
3803
2905
2932
2906
2933
2907
2934
2908
2935
2909
2936
2910
2937
2911
2938
2912
2939
2913
2940
2914
2941
2915
2942
2916
2943
2917
2944
2918
2945
2919
2946
2920
2947
2921
2948
2922
2949
2923
2950
2924
2951
2925
2952
2926
2953
2927
2954
2928
2955
2929
2956
2930
2957
2931
2958
2959
2933
2960
2934
2961
2935
2962
2936
2963
2937
2964
2938
2965
2939
2966
2940
2967
2941
2968
2942
2969
2943
2970
2944
2971
2945
2972
2946
2973
2947
2974
2948
2975
2949
2976
2950
2977
2951
2978
2952
2979
2953
2980
2954
2981
2955
2982
2956
2983
2957
2984
2958
2985
2959
2986
2987
2961
2988
2962
2989
2963
2990
2964
2991
2965
2992
2966
2993
2967
2994
2968
2995
2969
2996
2970
2997
2971
2998
2972
2999
2973
3000
2974
3001
2975
3002
2976
3003
2977
3004
2978
3005
2979
3006
2980
3007
2981
3008
2982
3009
2983
3010
2984
3011
2985
3012
2986
3013
2987
3014
3015
2989
3016
2990
3017
2991
3018
2992
3019
2993
3020
2994
3021
2995
3022
2996
3023
2997
3024
2998
3025
2999
3026
3000
3027
3001
3028
3002
3029
3003
3030
3004
3031
3005
3032
3006
3033
3007
3034
3008
3035
3009
3036
3010
3037
3011
3038
3012
3039
3013
3040
3014
3041
3015
3042
3043
3017
3044
3018
3045
3019
3046
3020
3047
3021
3048
3022
3049
3023
3050
3024
3051
3025
3052
3026
3053
3027
3054
3028
3055
3029
3056
3030
3057
3031
3058
3032
3059
3033
3060
3034
3061
3035
3062
3036
3063
3037
3064
3038
3065
3039
3066
3040
3067
3041
3068
3042
3069
3043
3070
3071
3045
3072
3046
3073
3047
3074
3048
3075
3049
3076
3050
3077
3051
3078
3052
3079
3053
3080
3054
3081
3055
3082
3056
3083
3057
3084
3058
3085
3059
3086
3060
3087
3061
3088
3062
3089
3063
3090
3064
3091
3065
3092
3066
3093
3067
3094
3068
3095
3069
3096
3070
3097
3071
3098
3099
3073
3100
3074
3101
3075
3102
3076
3103
3077
3104
3078
3105
3079
3106
3080
3107
3081
3108
3082
3109
3083
3110
3084
3111
3085
3112
3086
3113
3087
3114
3088
3115
3089
3116
3090
3117
3091
3118
3092
3119
3093
3120
3094
3121
3095
3122
3096
3123
3097
3124
3098
3125
3099
3126
3127
3101
3128
3102
3129
3103
3130
3104
3131
3105
3132
3106
3133
3107
3134
3108
3135
3109
3136
3110
3137
3111
3138
3112
3139
3113
3140
3114
3141
3115
3142
3116
3143
3117
3144
3118
3145
3119
3146
3120
3147
3121
3148
3122
3149
3123
3150
3124
3151
3125
3152
3126
3153
3127
3154
3155
3129
3156
3130
3157
3131
3158
3132
3159
3133
3160
3134
3161
3135
3162
3136
3163
3137
3164
3138
3165
3139
3166
3140
3167
3141
3168
3142
3169
3143
3170
3144
3171
3145
3172
3146
3173
3147
3174
3148
3175
3149
3176
3150
3177
3151
3178
3152
3179
3153
3180
3154
3181
3155
3182
3183
3157
3184
3158
3185
3159
3186
3160
3187
3161
3188
3162
3189
3163
3190
3164
3191
3165
3192
3166
3193
3167
3194
3168
3195
3169
3196
3170
3197
3171
3198
3172
3199
3173
3200
3174
3201
3175
3202
3176
3203
3177
3204
3178
3205
3179
3206
3180
3207
3181
3208
3182
3209
3183
3210
3211
3185
3212
3186
3213
3187
3214
3188
3215
3189
3216
3190
3217
3191
3218
3192
3219
3193
3220
3194
3221
3195
3222
3196
3223
3197
3224
3198
3225
3199
3226
3200
3227
3201
3228
3202
3229
3203
3230
3204
3231
3205
3232
3206
3233
3207
3234
3208
3235
3209
3236
3210
3237
3211
3238
3239
3213
3240
3214
3241
3215
3242
3216
3243
3217
3244
3218
3245
3219
3246
3220
3247
3221
3248
3222
3249
3223
3250
3224
3251
3225
3252
3226
3253
3227
3254
3228
3255
3229
3256
3230
3257
3231
3258
3232
3259
3233
3260
3234
3261
3235
3262
3236
3263
3237
3264
3238
3265
3239
3266
3267
3241
3268
3242
3269
3243
3270
3244
3271
3245
3272
3246
3273
3247
3274
3248
3275
3249
3276
3250
3277
3251
3278
3252
3279
3253
3280
3254
3281
3255
3282
3256
3283
3257
3284
3258
3285
3259
3286
3260
3287
3261
3288
3262
3289
3263
3290
3264
3291
3265
3292
3266
3293
3267
3294
3295
3269
3296
3270
3297
3271
3298
3272
3299
3273
3300
3274
3301
3275
3302
3276
3303
3277
3304
3278
3305
3279
3306
3280
3307
3281
3308
3282
3309
3283
3310
3284
3311
3285
3312
3286
3313
3287
3314
3288
3315
3289
3316
3290
3317
3291
3318
3292
3319
3293
3320
3294
3321
3295
3322
3323
3297
3324
3298
3325
3299
3326
3300
3327
3301
3328
3302
3329
3303
3330
3304
3331
3305
3332
3306
3333
3307
3334
3308
3335
3309
3336
3310
3337
3311
3338
3312
3339
3313
3340
3314
3341
3315
3342
3316
3343
3317
3344
3318
3345
3319
3346
3320
3347
3321
3348
3322
3349
3323
3350
3351
3325
3352
3326
3353
3327
3354
3328
3355
3329
3356
3330
3357
3331
3358
3332
3359
3333
3360
3334
3361
3335
3362
3336
3363
3337
3364
3338
3365
3339
3366
3340
3367
3341
3368
3342
3369
3343
3370
3344
3371
3345
3372
3346
3373
3347
3374
3348
3375
3349
3376
3350
3377
3351
3378
3379
3353
3380
3354
3381
3355
3382
3356
3383
3357
3384
3358
3385
3359
3386
3360
3387
3361
3388
3362
3389
3363
3390
3364
3391
3365
3392
3366
3393
3367
3394
3368
3395
3369
3396
3370
3397
3371
3398
3372
3399
3373
3400
3374
3401
3375
3402
3376
3403
3377
3404
3378
3405
3379
3406
3407
3381
3408
3382
3409
3383
3410
3384
3411
3385
3412
3386
3413
3387
3414
3388
3415
3389
3416
3390
3417
3391
3418
3392
3419
3393
3420
3394
3421
3395
3422
3396
3423
3397
3424
3398
3425
3399
3426
3400
3427
3401
3428
3402
3429
3403
3430
3404
3431
3405
3432
3406
3433
3407
3434
3435
3409
3436
3410
3437
3411
3438
3412
3439
3413
3440
3414
3441
3415
3442
3416
3443
3417
3444
3418
3445
3419
3446
3420
3447
3421
3448
3422
3449
3423
3450
3424
3451
3425
3452
3426
3453
3427
3454
3428
3455
3429
3456
3430
3457
3431
3458
3432
3459
3433
3460
3434
3461
3435
3462
3463
3437
3828
3438
3829
3439
3830
3440
3831
3441
3832
3442
3833
3443
3834
3444
3835
3445
3836
3446
3837
3447
3838
3448
3839
3449
3840
3450
3841
3451
3842
3452
3843
3453
3844
3454
3845
3455
3846
3456
3847
3457
3848
3458
3849
3459
3850
3460
3851
3461
3852
3462
3853
3463
3854
3855
3465
3492
3466
3493
3467
3494
3468
3495
3469
3496
3470
3497
3471
3498
3472
3499
3473
3500
3474
3501
3475
3502
3476
3503
3477
3504
3478
3505
3479
3506
3480
3507
3481
3508
3482
3509
3483
3510
3484
3511
3485
3512
3486
3513
3487
3514
3488
3515
3489
3516
3490
3517
3491
3518
3519
3660
3493
3520
3494
3521
3495
3522
3496
3523
3497
3524
3498
3525
3499
3526
3500
3527
3501
3528
3502
3529
3503
3530
3504
3531
3505
3532
3506
3533
3507
3534
3508
3535
3509
3536
3510
3537
3511
3538
3512
3539
3513
3540
3514
3541
3515
3542
3516
3543
3517
3544
3518
3545
3519
3546
3547
3664
3521
3548
3522
3549
3523
3550
3524
3551
3525
3552
3526
3553
3527
3554
3528
3555
3529
3556
3530
3557
3531
3558
3532
3559
3533
3560
3534
3561
3535
3562
3536
3563
3537
3564
3538
3565
3539
3566
3540
3567
3541
3568
3542
3569
3543
3570
3544
3571
3545
3572
3546
3573
3547
3574
3575
3668
3549
3576
3550
3577
3551
3578
3552
3579
3553
3580
3554
3581
3555
3582
3556
3583
3557
3584
3558
3585
3559
3586
3560
3587
3561
3588
3562
3589
3563
3590
3564
3591
3565
3592
3566
3593
3567
3594
3568
3595
3569
3596
3570
3597
3571
3598
3572
3599
3573
3600
3574
3601
3575
3602
3603
3672
3577
3604
3578
3605
3579
3606
3580
3607
3581
3608
3582
3609
3583
3610
3584
3611
3585
3612
3586
3613
3587
3614
3588
3615
3589
3616
3590
3617
3591
3618
3592
3619
3593
3620
3594
3621
3595
3622
3596
3623
3597
3624
3598
3625
3599
3626
3600
3627
3601
3628
3602
3629
3603
3630
3631
3676
3605
3632
3606
3633
3607
3634
3608
3635
3609
3636
3610
3637
3611
3638
3612
3639
3613
3640
3614
3641
3615
3642
3616
3643
3617
3644
3618
3645
3619
3646
3620
3647
3621
3648
3622
3649
3623
3650
3624
3651
3625
3652
3626
3653
3627
3654
3628
3655
3629
3656
3630
3657
3631
3658
3659
3680
3633
4024
3634
4025
3635
4026
3636
4027
3637
4028
3638
4029
3639
4030
3640
4031
3641
4032
3642
4033
3643
4034
3644
4035
3645
4036
3646
4037
3647
4038
3648
4039
3649
4040
3650
4041
3651
4042
3652
4043
3653
4044
3654
4045
3655
4046
3656
4047
3657
4048
3658
4049
3659
4050
3684
4051
3661
3664
3662
3665
3663
3666
3667
3688
3665
3668
3666
3669
3667
3670
3671
3694
3669
3672
3670
3673
3671
3674
3675
3700
3673
3676
3674
3677
3675
3678
3679
3706
3677
3680
3678
3681
3679
3682
3683
3712
3681
3684
3682
3685
3683
3686
3687
3718
3685
5312
3686
5313
3687
5314
3724
5315
3689
3694
3690
3695
3691
3696
3692
3697
3693
3698
3699
3730
3695
3700
3696
3701
3697
3702
3698
3703
3699
3704
3705
3734
3701
3706
3702
3707
3703
3708
3704
3709
3705
3710
3711
3738
3707
3712
3708
3713
3709
3714
3710
3715
3711
3716
3717
3742
3713
3718
3714
3719
3715
3720
3716
3721
3717
3722
3723
3746
3719
3724
3720
3725
3721
3726
3722
3727
3723
3728
3729
3750
3725
5496
3726
5497
3727
5498
3728
5499
3729
5500
3754
5501
3731
3734
3732
3735
3733
3736
3737
3758
3735
3738
3736
3739
3737
3740
3741
3764
3739
3742
3740
3743
3741
3744
3745
3770
3743
3746
3744
3747
3745
3748
3749
3776
3747
3750
3748
3751
3749
3752
3753
3782
3751
3754
3752
3755
3753
3756
3757
3788
3755
5772
3756
5773
3757
5774
3794
5775
3759
3764
3760
3765
3761
3766
3762
3767
3763
3768
3769
3800
3765
3770
3766
3771
3767
3772
3768
3773
3769
3774
3775
3804
3771
3776
3772
3777
3773
3778
3774
3779
3775
3780
3781
3808
3777
3782
3778
3783
3779
3784
3780
3785
3781
3786
3787
3812
3783
3788
3784
3789
3785
3790
3786
3791
3787
3792
3793
3816
3789
3794
3790
3795
3791
3796
3792
3797
3793
3798
3799
3820
3795
5956
3796
5957
3797
5958
3798
5959
3799
5960
3824
5961
3801
3804
3802
3805
3803
3806
3807
3828
3805
3808
3806
3809
3807
3810
3811
3856
3809
3812
3810
3813
3811
3814
3815
3884
3813
3816
3814
3817
3815
3818
3819
3912
3817
3820
3818
3821
3819
3822
3823
3940
3821
3824
3822
3825
3823
3826
3827
3968
3825
6232
3826
6233
3827
6234
3996
6235
3829
3856
3830
3857
3831
3858
3832
3859
3833
3860
3834
3861
3835
3862
3836
3863
3837
3864
3838
3865
3839
3866
3840
3867
3841
3868
3842
3869
3843
3870
3844
3871
3845
3872
3846
3873
3847
3874
3848
3875
3849
3876
3850
3877
3851
3878
3852
3879
3853
3880
3854
3881
3855
3882
3883
3857
3884
3858
3885
3859
3886
3860
3887
3861
3888
3862
3889
3863
3890
3864
3891
3865
3892
3866
3893
3867
3894
3868
3895
3869
3896
3870
3897
3871
3898
3872
3899
3873
3900
3874
3901
3875
3902
3876
3903
3877
3904
3878
3905
3879
3906
3880
3907
3881
3908
3882
3909
3883
3910
3911
3885
3912
3886
3913
3887
3914
3888
3915
3889
3916
3890
3917
3891
3918
3892
3919
3893
3920
3894
3921
3895
3922
3896
3923
3897
3924
3898
3925
3899
3926
3900
3927
3901
3928
3902
3929
3903
3930
3904
3931
3905
3932
3906
3933
3907
3934
3908
3935
3909
3936
3910
3937
3911
3938
3939
3913
3940
3914
3941
3915
3942
3916
3943
3917
3944
3918
3945
3919
3946
3920
3947
3921
3948
3922
3949
3923
3950
3924
3951
3925
3952
3926
3953
3927
3954
3928
3955
3929
3956
3930
3957
3931
3958
3932
3959
3933
3960
3934
3961
3935
3962
3936
3963
3937
3964
3938
3965
3939
3966
3967
3941
3968
3942
3969
3943
3970
3944
3971
3945
3972
3946
3973
3947
3974
3948
3975
3949
3976
3950
3977
3951
3978
3952
3979
3953
3980
3954
3981
3955
3982
3956
3983
3957
3984
3958
3985
3959
3986
3960
3987
3961
3988
3962
3989
3963
3990
3964
3991
3965
3992
3966
3993
3967
3994
3995
3969
3996
3970
3997
3971
3998
3972
3999
3973
4000
3974
4001
3975
4002
3976
4003
3977
4004
3978
4005
3979
4006
3980
4007
3981
4008
3982
4009
3983
4010
3984
4011
3985
4012
3986
4013
3987
4014
3988
4015
3989
4016
3990
4017
3991
4018
3992
4019
3993
4020
3994
4021
3995
4022
4023
3997
6416
3998
6417
3999
6418
4000
6419
4001
6420
4002
6421
4003
6422
4004
6423
4005
6424
4006
6425
4007
6426
4008
6427
4009
6428
4010
6429
4011
6430
4012
6431
4013
6432
4014
6433
4015
6434
4016
6435
4017
6436
4018
6437
4019
6438
4020
6439
4021
6440
4022
6441
4023
6442
6443
4025
4052
4026
4053
4027
4054
4028
4055
4029
4056
4030
4057
4031
4058
4032
4059
4033
4060
4034
4061
4035
4062
4036
4063
4037
4064
4038
4065
4039
4066
4040
4067
4041
4068
4042
4069
4043
4070
4044
4071
4045
4072
4046
4073
4047
4074
4048
4075
4049
4076
4050
4077
4051
4078
4079
5312
4053
4080
4054
4081
4055
4082
4056
4083
4057
4084
4058
4085
4059
4086
4060
4087
4061
4088
4062
4089
4063
4090
4064
4091
4065
4092
4066
4093
4067
4094
4068
4095
4069
4096
4070
4097
4071
4098
4072
4099
4073
4100
4074
4101
4075
4102
4076
4103
4077
4104
4078
4105
4079
4106
4107
5316
4081
4108
4082
4109
4083
4110
4084
4111
4085
4112
4086
4113
4087
4114
4088
4115
4089
4116
4090
4117
4091
4118
4092
4119
4093
4120
4094
4121
4095
4122
4096
4123
4097
4124
4098
4125
4099
4126
4100
4127
4101
4128
4102
4129
4103
4130
4104
4131
4105
4132
4106
4133
4107
4134
4135
5320
4109
4136
4110
4137
4111
4138
4112
4139
4113
4140
4114
4141
4115
4142
4116
4143
4117
4144
4118
4145
4119
4146
4120
4147
4121
4148
4122
4149
4123
4150
4124
4151
4125
4152
4126
4153
4127
4154
4128
4155
4129
4156
4130
4157
4131
4158
4132
4159
4133
4160
4134
4161
4135
4162
4163
5324
4137
4164
4138
4165
4139
4166
4140
4167
4141
4168
4142
4169
4143
4170
4144
4171
4145
4172
4146
4173
4147
4174
4148
4175
4149
4176
4150
4177
4151
4178
4152
4179
4153
4180
4154
4181
4155
4182
4156
4183
4157
4184
4158
4185
4159
4186
4160
4187
4161
4188
4162
4189
4163
4190
4191
5328
4165
4192
4166
4193
4167
4194
4168
4195
4169
4196
4170
4197
4171
4198
4172
4199
4173
4200
4174
4201
4175
4202
4176
4203
4177
4204
4178
4205
4179
4206
4180
4207
4181
4208
4182
4209
4183
4210
4184
4211
4185
4212
4186
4213
4187
4214
4188
4215
4189
4216
4190
4217
4191
4218
4219
5332
4193
4220
4194
4221
4195
4222
4196
4223
4197
4224
4198
4225
4199
4226
4200
4227
4201
4228
4202
4229
4203
4230
4204
4231
4205
4232
4206
4233
4207
4234
4208
4235
4209
4236
4210
4237
4211
4238
4212
4239
4213
4240
4214
4241
4215
4242
4216
4243
4217
4244
4218
4245
4219
4246
4247
5336
4221
4248
4222
4249
4223
4250
4224
4251
4225
4252
4226
4253
4227
4254
4228
4255
4229
4256
4230
4257
4231
4258
4232
4259
4233
4260
4234
4261
4235
4262
4236
4263
4237
4264
4238
4265
4239
4266
4240
4267
4241
4268
4242
4269
4243
4270
4244
4271
4245
4272
4246
4273
4247
4274
4275
5340
4249
4276
4250
4277
4251
4278
4252
4279
4253
4280
4254
4281
4255
4282
4256
4283
4257
4284
4258
4285
4259
4286
4260
4287
4261
4288
4262
4289
4263
4290
4264
4291
4265
4292
4266
4293
4267
4294
4268
4295
4269
4296
4270
4297
4271
4298
4272
4299
4273
4300
4274
4301
4275
4302
4303
5344
4277
4304
4278
4305
4279
4306
4280
4307
4281
4308
4282
4309
4283
4310
4284
4311
4285
4312
4286
4313
4287
4314
4288
4315
4289
4316
4290
4317
4291
4318
4292
4319
4293
4320
4294
4321
4295
4322
4296
4323
4297
4324
4298
4325
4299
4326
4300
4327
4301
4328
4302
4329
4303
4330
4331
5348
4305
4332
4306
4333
4307
4334
4308
4335
4309
4336
4310
4337
4311
4338
4312
4339
4313
4340
4314
4341
4315
4342
4316
4343
4317
4344
4318
4345
4319
4346
4320
4347
4321
4348
4322
4349
4323
4350
4324
4351
4325
4352
4326
4353
4327
4354
4328
4355
4329
4356
4330
4357
4331
4358
4359
5352
4333
4360
4334
4361
4335
4362
4336
4363
4337
4364
4338
4365
4339
4366
4340
4367
4341
4368
4342
4369
4343
4370
4344
4371
4345
4372
4346
4373
4347
4374
4348
4375
4349
4376
4350
4377
4351
4378
4352
4379
4353
4380
4354
4381
4355
4382
4356
4383
4357
4384
4358
4385
4359
4386
4387
5356
4361
4388
4362
4389
4363
4390
4364
4391
4365
4392
4366
4393
4367
4394
4368
4395
4369
4396
4370
4397
4371
4398
4372
4399
4373
4400
4374
4401
4375
4402
4376
4403
4377
4404
4378
4405
4379
4406
4380
4407
4381
4408
4382
4409
4383
4410
4384
4411
4385
4412
4386
4413
4387
4414
4415
5360
4389
4416
4390
4417
4391
4418
4392
4419
4393
4420
4394
4421
4395
4422
4396
4423
4397
4424
4398
4425
4399
4426
4400
4427
4401
4428
4402
4429
4403
4430
4404
4431
4405
4432
4406
4433
4407
4434
4408
4435
4409
4436
4410
4437
4411
4438
4412
4439
4413
4440
4414
4441
4415
4442
4443
5364
4417
4444
4418
4445
4419
4446
4420
4447
4421
4448
4422
4449
4423
4450
4424
4451
4425
4452
4426
4453
4427
4454
4428
4455
4429
4456
4430
4457
4431
4458
4432
4459
4433
4460
4434
4461
4435
4462
4436
4463
4437
4464
4438
4465
4439
4466
4440
4467
4441
4468
4442
4469
4443
4470
4471
5368
4445
4472
4446
4473
4447
4474
4448
4475
4449
4476
4450
4477
4451
4478
4452
4479
4453
4480
4454
4481
4455
4482
4456
4483
4457
4484
4458
4485
4459
4486
4460
4487
4461
4488
4462
4489
4463
4490
4464
4491
4465
4492
4466
4493
4467
4494
4468
4495
4469
4496
4470
4497
4471
4498
4499
5372
4473
4500
4474
4501
4475
4502
4476
4503
4477
4504
4478
4505
4479
4506
4480
4507
4481
4508
4482
4509
4483
4510
4484
4511
4485
4512
4486
4513
4487
4514
4488
4515
4489
4516
4490
4517
4491
4518
4492
4519
4493
4520
4494
4521
4495
4522
4496
4523
4497
4524
4498
4525
4499
4526
4527
5376
4501
4528
4502
4529
4503
4530
4504
4531
4505
4532
4506
4533
4507
4534
4508
4535
4509
4536
4510
4537
4511
4538
4512
4539
4513
4540
4514
4541
4515
4542
4516
4543
4517
4544
4518
4545
4519
4546
4520
4547
4521
4548
4522
4549
4523
4550
4524
4551
4525
4552
4526
4553
4527
4554
4555
5380
4529
4556
4530
4557
4531
4558
4532
4559
4533
4560
4534
4561
4535
4562
4536
4563
4537
4564
4538
4565
4539
4566
4540
4567
4541
4568
4542
4569
4543
4570
4544
4571
4545
4572
4546
4573
4547
4574
4548
4575
4549
4576
4550
4577
4551
4578
4552
4579
4553
4580
4554
4581
4555
4582
4583
5384
4557
4584
4558
4585
4559
4586
4560
4587
4561
4588
4562
4589
4563
4590
4564
4591
4565
4592
4566
4593
4567
4594
4568
4595
4569
4596
4570
4597
4571
4598
4572
4599
4573
4600
4574
4601
4575
4602
4576
4603
4577
4604
4578
4605
4579
4606
4580
4607
4581
4608
4582
4609
4583
4610
4611
5388
4585
4612
4586
4613
4587
4614
4588
4615
4589
4616
4590
4617
4591
4618
4592
4619
4593
4620
4594
4621
4595
4622
4596
4623
4597
4624
4598
4625
4599
4626
4600
4627
4601
4628
4602
4629
4603
4630
4604
4631
4605
4632
4606
4633
4607
4634
4608
4635
4609
4636
4610
4637
4611
4638
4639
5392
4613
4640
4614
4641
4615
4642
4616
4643
4617
4644
4618
4645
4619
4646
4620
4647
4621
4648
4622
4649
4623
4650
4624
4651
4625
4652
4626
4653
4627
4654
4628
4655
4629
4656
4630
4657
4631
4658
4632
4659
4633
4660
4634
4661
4635
4662
4636
4663
4637
4664
4638
4665
4639
4666
4667
5396
4641
4668
4642
4669
4643
4670
4644
4671
4645
4672
4646
4673
4647
4674
4648
4675
4649
4676
4650
4677
4651
4678
4652
4679
4653
4680
4654
4681
4655
4682
4656
4683
4657
4684
4658
4685
4659
4686
4660
4687
4661
4688
4662
4689
4663
4690
4664
4691
4665
4692
4666
4693
4667
4694
4695
5400
4669
4696
4670
4697
4671
4698
4672
4699
4673
4700
4674
4701
4675
4702
4676
4703
4677
4704
4678
4705
4679
4706
4680
4707
4681
4708
4682
4709
4683
4710
4684
4711
4685
4712
4686
4713
4687
4714
4688
4715
4689
4716
4690
4717
4691
4718
4692
4719
4693
4720
4694
4721
4695
4722
4723
5404
4697
4724
4698
4725
4699
4726
4700
4727
4701
4728
4702
4729
4703
4730
4704
4731
4705
4732
4706
4733
4707
4734
4708
4735
4709
4736
4710
4737
4711
4738
4712
4739
4713
4740
4714
4741
4715
4742
4716
4743
4717
4744
4718
4745
4719
4746
4720
4747
4721
4748
4722
4749
4723
4750
4751
5408
4725
4752
4726
4753
4727
4754
4728
4755
4729
4756
4730
4757
4731
4758
4732
4759
4733
4760
4734
4761
4735
4762
4736
4763
4737
4764
4738
4765
4739
4766
4740
4767
4741
4768
4742
4769
4743
4770
4744
4771
4745
4772
4746
4773
4747
4774
4748
4775
4749
4776
4750
4777
4751
4778
4779
5412
4753
4780
4754
4781
4755
4782
4756
4783
4757
4784
4758
4785
4759
4786
4760
4787
4761
4788
4762
4789
4763
4790
4764
4791
4765
4792
4766
4793
4767
4794
4768
4795
4769
4796
4770
4797
4771
4798
4772
4799
4773
4800
4774
4801
4775
4802
4776
4803
4777
4804
4778
4805
4779
4806
4807
5416
4781
4808
4782
4809
4783
4810
4784
4811
4785
4812
4786
4813
4787
4814
4788
4815
4789
4816
4790
4817
4791
4818
4792
4819
4793
4820
4794
4821
4795
4822
4796
4823
4797
4824
4798
4825
4799
4826
4800
4827
4801
4828
4802
4829
4803
4830
4804
4831
4805
4832
4806
4833
4807
4834
4835
5420
4809
4836
4810
4837
4811
4838
4812
4839
4813
4840
4814
4841
4815
4842
4816
4843
4817
4844
4818
4845
4819
4846
4820
4847
4821
4848
4822
4849
4823
4850
4824
4851
4825
4852
4826
4853
4827
4854
4828
4855
4829
4856
4830
4857
4831
4858
4832
4859
4833
4860
4834
4861
4835
4862
4863
5424
4837
4864
4838
4865
4839
4866
4840
4867
4841
4868
4842
4869
4843
4870
4844
4871
4845
4872
4846
4873
4847
4874
4848
4875
4849
4876
4850
4877
4851
4878
4852
4879
4853
4880
4854
4881
4855
4882
4856
4883
4857
4884
4858
4885
4859
4886
4860
4887
4861
4888
4862
4889
4863
4890
4891
5428
4865
4892
4866
4893
4867
4894
4868
4895
4869
4896
4870
4897
4871
4898
4872
4899
4873
4900
4874
4901
4875
4902
4876
4903
4877
4904
4878
4905
4879
4906
4880
4907
4881
4908
4882
4909
4883
4910
4884
4911
4885
4912
4886
4913
4887
4914
4888
4915
4889
4916
4890
4917
4891
4918
4919
5432
4893
4920
4894
4921
4895
4922
4896
4923
4897
4924
4898
4925
4899
4926
4900
4927
4901
4928
4902
4929
4903
4930
4904
4931
4905
4932
4906
4933
4907
4934
4908
4935
4909
4936
4910
4937
4911
4938
4912
4939
4913
4940
4914
4941
4915
4942
4916
4943
4917
4944
4918
4945
4919
4946
4947
5436
4921
4948
4922
4949
4923
4950
4924
4951
4925
4952
4926
4953
4927
4954
4928
4955
4929
4956
4930
4957
4931
4958
4932
4959
4933
4960
4934
4961
4935
4962
4936
4963
4937
4964
4938
4965
4939
4966
4940
4967
4941
4968
4942
4969
4943
4970
4944
4971
4945
4972
4946
4973
4947
4974
4975
5440
4949
4976
4950
4977
4951
4978
4952
4979
4953
4980
4954
4981
4955
4982
4956
4983
4957
4984
4958
4985
4959
4986
4960
4987
4961
4988
4962
4989
4963
4990
4964
4991
4965
4992
4966
4993
4967
4994
4968
4995
4969
4996
4970
4997
4971
4998
4972
4999
4973
5000
4974
5001
4975
5002
5003
5444
4977
5004
4978
5005
4979
5006
4980
5007
4981
5008
4982
5009
4983
5010
4984
5011
4985
5012
4986
5013
4987
5014
4988
5015
4989
5016
4990
5017
4991
5018
4992
5019
4993
5020
4994
5021
4995
5022
4996
5023
4997
5024
4998
5025
4999
5026
5000
5027
5001
5028
5002
5029
5003
5030
5031
5448
5005
5032
5006
5033
5007
5034
5008
5035
5009
5036
5010
5037
5011
5038
5012
5039
5013
5040
5014
5041
5015
5042
5016
5043
5017
5044
5018
5045
5019
5046
5020
5047
5021
5048
5022
5049
5023
5050
5024
5051
5025
5052
5026
5053
5027
5054
5028
5055
5029
5056
5030
5057
5031
5058
5059
5452
5033
5060
5034
5061
5035
5062
5036
5063
5037
5064
5038
5065
5039
5066
5040
5067
5041
5068
5042
5069
5043
5070
5044
5071
5045
5072
5046
5073
5047
5074
5048
5075
5049
5076
5050
5077
5051
5078
5052
5079
5053
5080
5054
5081
5055
5082
5056
5083
5057
5084
5058
5085
5059
5086
5087
5456
5061
5088
5062
5089
5063
5090
5064
5091
5065
5092
5066
5093
5067
5094
5068
5095
5069
5096
5070
5097
5071
5098
5072
5099
5073
5100
5074
5101
5075
5102
5076
5103
5077
5104
5078
5105
5079
5106
5080
5107
5081
5108
5082
5109
5083
5110
5084
5111
5085
5112
5086
5113
5087
5114
5115
5460
5089
5116
5090
5117
5091
5118
5092
5119
5093
5120
5094
5121
5095
5122
5096
5123
5097
5124
5098
5125
5099
5126
5100
5127
5101
5128
5102
5129
5103
5130
5104
5131
5105
5132
5106
5133
5107
5134
5108
5135
5109
5136
5110
5137
5111
5138
5112
5139
5113
5140
5114
5141
5115
5142
5143
5464
5117
5144
5118
5145
5119
5146
5120
5147
5121
5148
5122
5149
5123
5150
5124
5151
5125
5152
5126
5153
5127
5154
5128
5155
5129
5156
5130
5157
5131
5158
5132
5159
5133
5160
5134
5161
5135
5162
5136
5163
5137
5164
5138
5165
5139
5166
5140
5167
5141
5168
5142
5169
5143
5170
5171
5468
5145
5172
5146
5173
5147
5174
5148
5175
5149
5176
5150
5177
5151
5178
5152
5179
5153
5180
5154
5181
5155
5182
5156
5183
5157
5184
5158
5185
5159
5186
5160
5187
5161
5188
5162
5189
5163
5190
5164
5191
5165
5192
5166
5193
5167
5194
5168
5195
5169
5196
5170
5197
5171
5198
5199
5472
5173
5200
5174
5201
5175
5202
5176
5203
5177
5204
5178
5205
5179
5206
5180
5207
5181
5208
5182
5209
5183
5210
5184
5211
5185
5212
5186
5213
5187
5214
5188
5215
5189
5216
5190
5217
5191
5218
5192
5219
5193
5220
5194
5221
5195
5222
5196
5223
5197
5224
5198
5225
5199
5226
5227
5476
5201
5228
5202
5229
5203
5230
5204
5231
5205
5232
5206
5233
5207
5234
5208
5235
5209
5236
5210
5237
5211
5238
5212
5239
5213
5240
5214
5241
5215
5242
5216
5243
5217
5244
5218
5245
5219
5246
5220
5247
5221
5248
5222
5249
5223
5250
5224
5251
5225
5252
5226
5253
5227
5254
5255
5480
5229
5256
5230
5257
5231
5258
5232
5259
5233
5260
5234
5261
5235
5262
5236
5263
5237
5264
5238
5265
5239
5266
5240
5267
5241
5268
5242
5269
5243
5270
5244
5271
5245
5272
5246
5273
5247
5274
5248
5275
5249
5276
5250
5277
5251
5278
5252
5279
5253
5280
5254
5281
5255
5282
5283
5484
5257
5284
5258
5285
5259
5286
5260
5287
5261
5288
5262
5289
5263
5290
5264
5291
5265
5292
5266
5293
5267
5294
5268
5295
5269
5296
5270
5297
5271
5298
5272
5299
5273
5300
5274
5301
5275
5302
5276
5303
5277
5304
5278
5305
5279
5306
5280
5307
5281
5308
5282
5309
5283
5310
5311
5488
5285
5286
5287
5288
5289
5290
5291
5292
5293
5294
5295
5296
5297
5298
5299
5300
5301
5302
5303
5304
5305
5306
5307
5308
5309
5310
5311
5492
5313
5316
5314
5317
5315
5318
5319
5496
5317
5320
5318
5321
5319
5322
5323
5502
5321
5324
5322
5325
5323
5326
5327
5508
5325
5328
5326
5329
5327
5330
5331
5514
5329
5332
5330
5333
5331
5334
5335
5520
5333
5336
5334
5337
5335
5338
5339
5526
5337
5340
5338
5341
5339
5342
5343
5532
5341
5344
5342
5345
5343
5346
5347
5538
5345
5348
5346
5349
5347
5350
5351
5544
5349
5352
5350
5353
5351
5354
5355
5550
5353
5356
5354
5357
5355
5358
5359
5556
5357
5360
5358
5361
5359
5362
5363
5562
5361
5364
5362
5365
5363
5366
5367
5568
5365
5368
5366
5369
5367
5370
5371
5574
5369
5372
5370
5373
5371
5374
5375
5580
5373
5376
5374
5377
5375
5378
5379
5586
5377
5380
5378
5381
5379
5382
5383
5592
5381
5384
5382
5385
5383
5386
5387
5598
5385
5388
5386
5389
5387
5390
5391
5604
5389
5392
5390
5393
5391
5394
5395
5610
5393
5396
5394
5397
5395
5398
5399
5616
5397
5400
5398
5401
5399
5402
5403
5622
5401
5404
5402
5405
5403
5406
5407
5628
5405
5408
5406
5409
5407
5410
5411
5634
5409
5412
5410
5413
5411
5414
5415
5640
5413
5416
5414
5417
5415
5418
5419
5646
5417
5420
5418
5421
5419
5422
5423
5652
5421
5424
5422
5425
5423
5426
5427
5658
5425
5428
5426
5429
5427
5430
5431
5664
5429
5432
5430
5433
5431
5434
5435
5670
5433
5436
5434
5437
5435
5438
5439
5676
5437
5440
5438
5441
5439
5442
5443
5682
5441
5444
5442
5445
5443
5446
5447
5688
5445
5448
5446
5449
5447
5450
5451
5694
5449
5452
5450
5453
5451
5454
5455
5700
5453
5456
5454
5457
5455
5458
5459
5706
5457
5460
5458
5461
5459
5462
5463
5712
5461
5464
5462
5465
5463
5466
5467
5718
5465
5468
5466
5469
5467
5470
5471
5724
5469
5472
5470
5473
5471
5474
5475
5730
5473
5476
5474
5477
5475
5478
5479
5736
5477
5480
5478
5481
5479
5482
5483
5742
5481
5484
5482
5485
5483
5486
5487
5748
5485
5488
5486
5489
5487
5490
5491
5754
5489
5492
5490
5493
5491
5494
5495
5760
5493
5494
5495
5766
5497
5502
5498
5503
5499
5504
5500
5505
5501
5506
5507
5772
5503
5508
5504
5509
5505
5510
5506
5511
5507
5512
5513
5776
5509
5514
5510
5515
5511
5516
5512
5517
5513
5518
5519
5780
5515
5520
5516
5521
5517
5522
5518
5523
5519
5524
5525
5784
5521
5526
5522
5527
5523
5528
5524
5529
5525
5530
5531
5788
5527
5532
5528
5533
5529
5534
5530
5535
5531
5536
5537
5792
5533
5538
5534
5539
5535
5540
5536
5541
5537
5542
5543
5796
5539
5544
5540
5545
5541
5546
5542
5547
5543
5548
5549
5800
5545
5550
5546
5551
5547
5552
5548
5553
5549
5554
5555
5804
5551
5556
5552
5557
5553
5558
5554
5559
5555
5560
5561
5808
5557
5562
5558
5563
5559
5564
5560
5565
5561
5566
5567
5812
5563
5568
5564
5569
5565
5570
5566
5571
5567
5572
5573
5816
5569
5574
5570
5575
5571
5576
5572
5577
5573
5578
5579
5820
5575
5580
5576
5581
5577
5582
5578
5583
5579
5584
5585
5824
5581
5586
5582
5587
5583
5588
5584
5589
5585
5590
5591
5828
5587
5592
5588
5593
5589
5594
5590
5595
5591
5596
5597
5832
5593
5598
5594
5599
5595
5600
5596
5601
5597
5602
5603
5836
5599
5604
5600
5605
5601
5606
5602
5607
5603
5608
5609
5840
5605
5610
5606
5611
5607
5612
5608
5613
5609
5614
5615
5844
5611
5616
5612
5617
5613
5618
5614
5619
5615
5620
5621
5848
5617
5622
5618
5623
5619
5624
5620
5625
5621
5626
5627
5852
5623
5628
5624
5629
5625
5630
5626
5631
5627
5632
5633
5856
5629
5634
5630
5635
5631
5636
5632
5637
5633
5638
5639
5860
5635
5640
5636
5641
5637
5642
5638
5643
5639
5644
5645
5864
5641
5646
5642
5647
5643
5648
5644
5649
5645
5650
5651
5868
5647
5652
5648
5653
5649
5654
5650
5655
5651
5656
5657
5872
5653
5658
5654
5659
5655
5660
5656
5661
5657
5662
5663
5876
5659
5664
5660
5665
5661
5666
5662
5667
5663
5668
5669
5880
5665
5670
5666
5671
5667
5672
5668
5673
5669
5674
5675
5884
5671
5676
5672
5677
5673
5678
5674
5679
5675
5680
5681
5888
5677
5682
5678
5683
5679
5684
5680
5685
5681
5686
5687
5892
5683
5688
5684
5689
5685
5690
5686
5691
5687
5692
5693
5896
5689
5694
5690
5695
5691
5696
5692
5697
5693
5698
5699
5900
5695
5700
5696
5701
5697
5702
5698
5703
5699
5704
5705
5904
5701
5706
5702
5707
5703
5708
5704
5709
5705
5710
5711
5908
5707
5712
5708
5713
5709
5714
5710
5715
5711
5716
5717
5912
5713
5718
5714
5719
5715
5720
5716
5721
5717
5722
5723
5916
5719
5724
5720
5725
5721
5726
5722
5727
5723
5728
5729
5920
5725
5730
5726
5731
5727
5732
5728
5733
5729
5734
5735
5924
5731
5736
5732
5737
5733
5738
5734
5739
5735
5740
5741
5928
5737
5742
5738
5743
5739
5744
5740
5745
5741
5746
5747
5932
5743
5748
5744
5749
5745
5750
5746
5751
5747
5752
5753
5936
5749
5754
5750
5755
5751
5756
5752
5757
5753
5758
5759
5940
5755
5760
5756
5761
5757
5762
5758
5763
5759
5764
5765
5944
5761
5766
5762
5767
5763
5768
5764
5769
5765
5770
5771
5948
5767
5768
5769
5770
5771
5952
5773
5776
5774
5777
5775
5778
5779
5956
5777
5780
5778
5781
5779
5782
5783
5962
5781
5784
5782
5785
5783
5786
5787
5968
5785
5788
5786
5789
5787
5790
5791
5974
5789
5792
5790
5793
5791
5794
5795
5980
5793
5796
5794
5797
5795
5798
5799
5986
5797
5800
5798
5801
5799
5802
5803
5992
5801
5804
5802
5805
5803
5806
5807
5998
5805
5808
5806
5809
5807
5810
5811
6004
5809
5812
5810
5813
5811
5814
5815
6010
5813
5816
5814
5817
5815
5818
5819
6016
5817
5820
5818
5821
5819
5822
5823
6022
5821
5824
5822
5825
5823
5826
5827
6028
5825
5828
5826
5829
5827
5830
5831
6034
5829
5832
5830
5833
5831
5834
5835
6040
5833
5836
5834
5837
5835
5838
5839
6046
5837
5840
5838
5841
5839
5842
5843
6052
5841
5844
5842
5845
5843
5846
5847
6058
5845
5848
5846
5849
5847
5850
5851
6064
5849
5852
5850
5853
5851
5854
5855
6070
5853
5856
5854
5857
5855
5858
5859
6076
5857
5860
5858
5861
5859
5862
5863
6082
5861
5864
5862
5865
5863
5866
5867
6088
5865
5868
5866
5869
5867
5870
5871
6094
5869
5872
5870
5873
5871
5874
5875
6100
5873
5876
5874
5877
5875
5878
5879
6106
5877
5880
5878
5881
5879
5882
5883
6112
5881
5884
5882
5885
5883
5886
5887
6118
5885
5888
5886
5889
5887
5890
5891
6124
5889
5892
5890
5893
5891
5894
5895
6130
5893
5896
5894
5897
5895
5898
5899
6136
5897
5900
5898
5901
5899
5902
5903
6142
5901
5904
5902
5905
5903
5906
5907
6148
5905
5908
5906
5909
5907
5910
5911
6154
5909
5912
5910
5913
5911
5914
5915
6160
5913
5916
5914
5917
5915
5918
5919
6166
5917
5920
5918
5921
5919
5922
5923
6172
5921
5924
5922
5925
5923
5926
5927
6178
5925
5928
5926
5929
5927
5930
5931
6184
5929
5932
5930
5933
5931
5934
5935
6190
5933
5936
5934
5937
5935
5938
5939
6196
5937
5940
5938
5941
5939
5942
5943
6202
5941
5944
5942
5945
5943
5946
5947
6208
5945
5948
5946
5949
5947
5950
5951
6214
5949
5952
5950
5953
5951
5954
5955
6220
5953
5954
5955
6226
5957
5962
5958
5963
5959
5964
5960
5965
5961
5966
5967
6232
5963
5968
5964
5969
5965
5970
5966
5971
5967
5972
5973
6236
5969
5974
5970
5975
5971
5976
5972
5977
5973
5978
5979
6240
5975
5980
5976
5981
5977
5982
5978
5983
5979
5984
5985
6244
5981
5986
5982
5987
5983
5988
5984
5989
5985
5990
5991
6248
5987
5992
5988
5993
5989
5994
5990
5995
5991
5996
5997
6252
5993
5998
5994
5999
5995
6000
5996
6001
5997
6002
6003
6256
5999
6004
6000
6005
6001
6006
6002
6007
6003
6008
6009
6260
6005
6010
6006
6011
6007
6012
6008
6013
6009
6014
6015
6264
6011
6016
6012
6017
6013
6018
6014
6019
6015
6020
6021
6268
6017
6022
6018
6023
6019
6024
6020
6025
6021
6026
6027
6272
6023
6028
6024
6029
6025
6030
6026
6031
6027
6032
6033
6276
6029
6034
6030
6035
6031
6036
6032
6037
6033
6038
6039
6280
6035
6040
6036
6041
6037
6042
6038
6043
6039
6044
6045
6284
6041
6046
6042
6047
6043
6048
6044
6049
6045
6050
6051
6288
6047
6052
6048
6053
6049
6054
6050
6055
6051
6056
6057
6292
6053
6058
6054
6059
6055
6060
6056
6061
6057
6062
6063
6296
6059
6064
6060
6065
6061
6066
6062
6067
6063
6068
6069
6300
6065
6070
6066
6071
6067
6072
6068
6073
6069
6074
6075
6304
6071
6076
6072
6077
6073
6078
6074
6079
6075
6080
6081
6308
6077
6082
6078
6083
6079
6084
6080
6085
6081
6086
6087
6312
6083
6088
6084
6089
6085
6090
6086
6091
6087
6092
6093
6316
6089
6094
6090
6095
6091
6096
6092
6097
6093
6098
6099
6320
6095
6100
6096
6101
6097
6102
6098
6103
6099
6104
6105
6324
6101
6106
6102
6107
6103
6108
6104
6109
6105
6110
6111
6328
6107
6112
6108
6113
6109
6114
6110
6115
6111
6116
6117
6332
6113
6118
6114
6119
6115
6120
6116
6121
6117
6122
6123
6336
6119
6124
6120
6125
6121
6126
6122
6127
6123
6128
6129
6340
6125
6130
6126
6131
6127
6132
6128
6133
6129
6134
6135
6344
6131
6136
6132
6137
6133
6138
6134
6139
6135
6140
6141
6348
6137
6142
6138
6143
6139
6144
6140
6145
6141
6146
6147
6352
6143
6148
6144
6149
6145
6150
6146
6151
6147
6152
6153
6356
6149
6154
6150
6155
6151
6156
6152
6157
6153
6158
6159
6360
6155
6160
6156
6161
6157
6162
6158
6163
6159
6164
6165
6364
6161
6166
6162
6167
6163
6168
6164
6169
6165
6170
6171
6368
6167
6172
6168
6173
6169
6174
6170
6175
6171
6176
6177
6372
6173
6178
6174
6179
6175
6180
6176
6181
6177
6182
6183
6376
6179
6184
6180
6185
6181
6186
6182
6187
6183
6188
6189
6380
6185
6190
6186
6191
6187
6192
6188
6193
6189
6194
6195
6384
6191
6196
6192
6197
6193
6198
6194
6199
6195
6200
6201
6388
6197
6202
6198
6203
6199
6204
6200
6205
6201
6206
6207
6392
6203
6208
6204
6209
6205
6210
6206
6211
6207
6212
6213
6396
6209
6214
6210
6215
6211
6216
6212
6217
6213
6218
6219
6400
6215
6220
6216
6221
6217
6222
6218
6223
6219
6224
6225
6404
6221
6226
6222
6227
6223
6228
6224
6229
6225
6230
6231
6408
6227
6228
6229
6230
6231
6412
6233
6236
6234
6237
6235
6238
6239
6416
6237
6240
6238
6241
6239
6242
6243
6444
6241
6244
6242
6245
6243
6246
6247
6472
6245
6248
6246
6249
6247
6250
6251
6500
6249
6252
6250
6253
6251
6254
6255
6528
6253
6256
6254
6257
6255
6258
6259
6556
6257
6260
6258
6261
6259
6262
6263
6584
6261
6264
6262
6265
6263
6266
6267
6612
6265
6268
6266
6269
6267
6270
6271
6640
6269
6272
6270
6273
6271
6274
6275
6668
6273
6276
6274
6277
6275
6278
6279
6696
6277
6280
6278
6281
6279
6282
6283
6724
6281
6284
6282
6285
6283
6286
6287
6752
6285
6288
6286
6289
6287
6290
6291
6780
6289
6292
6290
6293
6291
6294
6295
6808
6293
6296
6294
6297
6295
6298
6299
6836
6297
6300
6298
6301
6299
6302
6303
6864
6301
6304
6302
6305
6303
6306
6307
6892
6305
6308
6306
6309
6307
6310
6311
6920
6309
6312
6310
6313
6311
6314
6315
6948
6313
6316
6314
6317
6315
6318
6319
6976
6317
6320
6318
6321
6319
6322
6323
7004
6321
6324
6322
6325
6323
6326
6327
7032
6325
6328
6326
6329
6327
6330
6331
7060
6329
6332
6330
6333
6331
6334
6335
7088
6333
6336
6334
6337
6335
6338
6339
7116
6337
6340
6338
6341
6339
6342
6343
7144
6341
6344
6342
6345
6343
6346
6347
7172
6345
6348
6346
6349
6347
6350
6351
7200
6349
6352
6350
6353
6351
6354
6355
7228
6353
6356
6354
6357
6355
6358
6359
7256
6357
6360
6358
6361
6359
6362
6363
7284
6361
6364
6362
6365
6363
6366
6367
7312
6365
6368
6366
6369
6367
6370
6371
7340
6369
6372
6370
6373
6371
6374
6375
7368
6373
6376
6374
6377
6375
6378
6379
7396
6377
6380
6378
6381
6379
6382
6383
7424
6381
6384
6382
6385
6383
6386
6387
7452
6385
6388
6386
6389
6387
6390
6391
7480
6389
6392
6390
6393
6391
6394
6395
7508
6393
6396
6394
6397
6395
6398
6399
7536
6397
6400
6398
6401
6399
6402
6403
7564
6401
6404
6402
6405
6403
6406
6407
7592
6405
6408
6406
6409
6407
6410
6411
7620
6409
6412
6410
6413
6411
6414
6415
7648
6413
6414
6415
7676
6417
6444
6418
6445
6419
6446
6420
6447
6421
6448
6422
6449
6423
6450
6424
6451
6425
6452
6426
6453
6427
6454
6428
6455
6429
6456
6430
6457
6431
6458
6432
6459
6433
6460
6434
6461
6435
6462
6436
6463
6437
6464
6438
6465
6439
6466
6440
6467
6441
6468
6442
6469
6443
6470
6471
6445
6472
6446
6473
6447
6474
6448
6475
6449
6476
6450
6477
6451
6478
6452
6479
6453
6480
6454
6481
6455
6482
6456
6483
6457
6484
6458
6485
6459
6486
6460
6487
6461
6488
6462
6489
6463
6490
6464
6491
6465
6492
6466
6493
6467
6494
6468
6495
6469
6496
6470
6497
6471
6498
6499
6473
6500
6474
6501
6475
6502
6476
6503
6477
6504
6478
6505
6479
6506
6480
6507
6481
6508
6482
6509
6483
6510
6484
6511
6485
6512
6486
6513
6487
6514
6488
6515
6489
6516
6490
6517
6491
6518
6492
6519
6493
6520
6494
6521
6495
6522
6496
6523
6497
6524
6498
6525
6499
6526
6527
6501
6528
6502
6529
6503
6530
6504
6531
6505
6532
6506
6533
6507
6534
6508
6535
6509
6536
6510
6537
6511
6538
6512
6539
6513
6540
6514
6541
6515
6542
6516
6543
6517
6544
6518
6545
6519
6546
6520
6547
6521
6548
6522
6549
6523
6550
6524
6551
6525
6552
6526
6553
6527
6554
6555
6529
6556
6530
6557
6531
6558
6532
6559
6533
6560
6534
6561
6535
6562
6536
6563
6537
6564
6538
6565
6539
6566
6540
6567
6541
6568
6542
6569
6543
6570
6544
6571
6545
6572
6546
6573
6547
6574
6548
6575
6549
6576
6550
6577
6551
6578
6552
6579
6553
6580
6554
6581
6555
6582
6583
6557
6584
6558
6585
6559
6586
6560
6587
6561
6588
6562
6589
6563
6590
6564
6591
6565
6592
6566
6593
6567
6594
6568
6595
6569
6596
6570
6597
6571
6598
6572
6599
6573
6600
6574
6601
6575
6602
6576
6603
6577
6604
6578
6605
6579
6606
6580
6607
6581
6608
6582
6609
6583
6610
6611
6585
6612
6586
6613
6587
6614
6588
6615
6589
6616
6590
6617
6591
6618
6592
6619
6593
6620
6594
6621
6595
6622
6596
6623
6597
6624
6598
6625
6599
6626
6600
6627
6601
6628
6602
6629
6603
6630
6604
6631
6605
6632
6606
6633
6607
6634
6608
6635
6609
6636
6610
6637
6611
6638
6639
6613
6640
6614
6641
6615
6642
6616
6643
6617
6644
6618
6645
6619
6646
6620
6647
6621
6648
6622
6649
6623
6650
6624
6651
6625
6652
6626
6653
6627
6654
6628
6655
6629
6656
6630
6657
6631
6658
6632
6659
6633
6660
6634
6661
6635
6662
6636
6663
6637
6664
6638
6665
6639
6666
6667
6641
6668
6642
6669
6643
6670
6644
6671
6645
6672
6646
6673
6647
6674
6648
6675
6649
6676
6650
6677
6651
6678
6652
6679
6653
6680
6654
6681
6655
6682
6656
6683
6657
6684
6658
6685
6659
6686
6660
6687
6661
6688
6662
6689
6663
6690
6664
6691
6665
6692
6666
6693
6667
6694
6695
6669
6696
6670
6697
6671
6698
6672
6699
6673
6700
6674
6701
6675
6702
6676
6703
6677
6704
6678
6705
6679
6706
6680
6707
6681
6708
6682
6709
6683
6710
6684
6711
6685
6712
6686
6713
6687
6714
6688
6715
6689
6716
6690
6717
6691
6718
6692
6719
6693
6720
6694
6721
6695
6722
6723
6697
6724
6698
6725
6699
6726
6700
6727
6701
6728
6702
6729
6703
6730
6704
6731
6705
6732
6706
6733
6707
6734
6708
6735
6709
6736
6710
6737
6711
6738
6712
6739
6713
6740
6714
6741
6715
6742
6716
6743
6717
6744
6718
6745
6719
6746
6720
6747
6721
6748
6722
6749
6723
6750
6751
6725
6752
6726
6753
6727
6754
6728
6755
6729
6756
6730
6757
6731
6758
6732
6759
6733
6760
6734
6761
6735
6762
6736
6763
6737
6764
6738
6765
6739
6766
6740
6767
6741
6768
6742
6769
6743
6770
6744
6771
6745
6772
6746
6773
6747
6774
6748
6775
6749
6776
6750
6777
6751
6778
6779
6753
6780
6754
6781
6755
6782
6756
6783
6757
6784
6758
6785
6759
6786
6760
6787
6761
6788
6762
6789
6763
6790
6764
6791
6765
6792
6766
6793
6767
6794
6768
6795
6769
6796
6770
6797
6771
6798
6772
6799
6773
6800
6774
6801
6775
6802
6776
6803
6777
6804
6778
6805
6779
6806
6807
6781
6808
6782
6809
6783
6810
6784
6811
6785
6812
6786
6813
6787
6814
6788
6815
6789
6816
6790
6817
6791
6818
6792
6819
6793
6820
6794
6821
6795
6822
6796
6823
6797
6824
6798
6825
6799
6826
6800
6827
6801
6828
6802
6829
6803
6830
6804
6831
6805
6832
6806
6833
6807
6834
6835
6809
6836
6810
6837
6811
6838
6812
6839
6813
6840
6814
6841
6815
6842
6816
6843
6817
6844
6818
6845
6819
6846
6820
6847
6821
6848
6822
6849
6823
6850
6824
6851
6825
6852
6826
6853
6827
6854
6828
6855
6829
6856
6830
6857
6831
6858
6832
6859
6833
6860
6834
6861
6835
6862
6863
6837
6864
6838
6865
6839
6866
6840
6867
6841
6868
6842
6869
6843
6870
6844
6871
6845
6872
6846
6873
6847
6874
6848
6875
6849
6876
6850
6877
6851
6878
6852
6879
6853
6880
6854
6881
6855
6882
6856
6883
6857
6884
6858
6885
6859
6886
6860
6887
6861
6888
6862
6889
6863
6890
6891
6865
6892
6866
6893
6867
6894
6868
6895
6869
6896
6870
6897
6871
6898
6872
6899
6873
6900
6874
6901
6875
6902
6876
6903
6877
6904
6878
6905
6879
6906
6880
6907
6881
6908
6882
6909
6883
6910
6884
6911
6885
6912
6886
6913
6887
6914
6888
6915
6889
6916
6890
6917
6891
6918
6919
6893
6920
6894
6921
6895
6922
6896
6923
6897
6924
6898
6925
6899
6926
6900
6927
6901
6928
6902
6929
6903
6930
6904
6931
6905
6932
6906
6933
6907
6934
6908
6935
6909
6936
6910
6937
6911
6938
6912
6939
6913
6940
6914
6941
6915
6942
6916
6943
6917
6944
6918
6945
6919
6946
6947
6921
6948
6922
6949
6923
6950
6924
6951
6925
6952
6926
6953
6927
6954
6928
6955
6929
6956
6930
6957
6931
6958
6932
6959
6933
6960
6934
6961
6935
6962
6936
6963
6937
6964
6938
6965
6939
6966
6940
6967
6941
6968
6942
6969
6943
6970
6944
6971
6945
6972
6946
6973
6947
6974
6975
6949
6976
6950
6977
6951
6978
6952
6979
6953
6980
6954
6981
6955
6982
6956
6983
6957
6984
6958
6985
6959
6986
6960
6987
6961
6988
6962
6989
6963
6990
6964
6991
6965
6992
6966
6993
6967
6994
6968
6995
6969
6996
6970
6997
6971
6998
6972
6999
6973
7000
6974
7001
6975
7002
7003
6977
7004
6978
7005
6979
7006
6980
7007
6981
7008
6982
7009
6983
7010
6984
7011
6985
7012
6986
7013
6987
7014
6988
7015
6989
7016
6990
7017
6991
7018
6992
7019
6993
7020
6994
7021
6995
7022
6996
7023
6997
7024
6998
7025
6999
7026
7000
7027
7001
7028
7002
7029
7003
7030
7031
7005
7032
7006
7033
7007
7034
7008
7035
7009
7036
7010
7037
7011
7038
7012
7039
7013
7040
7014
7041
7015
7042
7016
7043
7017
7044
7018
7045
7019
7046
7020
7047
7021
7048
7022
7049
7023
7050
7024
7051
7025
7052
7026
7053
7027
7054
7028
7055
7029
7056
7030
7057
7031
7058
7059
7033
7060
7034
7061
7035
7062
7036
7063
7037
7064
7038
7065
7039
7066
7040
7067
7041
7068
7042
7069
7043
7070
7044
7071
7045
7072
7046
7073
7047
7074
7048
7075
7049
7076
7050
7077
7051
7078
7052
7079
7053
7080
7054
7081
7055
7082
7056
7083
7057
7084
7058
7085
7059
7086
7087
7061
7088
7062
7089
7063
7090
7064
7091
7065
7092
7066
7093
7067
7094
7068
7095
7069
7096
7070
7097
7071
7098
7072
7099
7073
7100
7074
7101
7075
7102
7076
7103
7077
7104
7078
7105
7079
7106
7080
7107
7081
7108
7082
7109
7083
7110
7084
7111
7085
7112
7086
7113
7087
7114
7115
7089
7116
7090
7117
7091
7118
7092
7119
7093
7120
7094
7121
7095
7122
7096
7123
7097
7124
7098
7125
7099
7126
7100
7127
7101
7128
7102
7129
7103
7130
7104
7131
7105
7132
7106
7133
7107
7134
7108
7135
7109
7136
7110
7137
7111
7138
7112
7139
7113
7140
7114
7141
7115
7142
7143
7117
7144
7118
7145
7119
7146
7120
7147
7121
7148
7122
7149
7123
7150
7124
7151
7125
7152
7126
7153
7127
7154
7128
7155
7129
7156
7130
7157
7131
7158
7132
7159
7133
7160
7134
7161
7135
7162
7136
7163
7137
7164
7138
7165
7139
7166
7140
7167
7141
7168
7142
7169
7143
7170
7171
7145
7172
7146
7173
7147
7174
7148
7175
7149
7176
7150
7177
7151
7178
7152
7179
7153
7180
7154
7181
7155
7182
7156
7183
7157
7184
7158
7185
7159
7186
7160
7187
7161
7188
7162
7189
7163
7190
7164
7191
7165
7192
7166
7193
7167
7194
7168
7195
7169
7196
7170
7197
7171
7198
7199
7173
7200
7174
7201
7175
7202
7176
7203
7177
7204
7178
7205
7179
7206
7180
7207
7181
7208
7182
7209
7183
7210
7184
7211
7185
7212
7186
7213
7187
7214
7188
7215
7189
7216
7190
7217
7191
7218
7192
7219
7193
7220
7194
7221
7195
7222
7196
7223
7197
7224
7198
7225
7199
7226
7227
7201
7228
7202
7229
7203
7230
7204
7231
7205
7232
7206
7233
7207
7234
7208
7235
7209
7236
7210
7237
7211
7238
7212
7239
7213
7240
7214
7241
7215
7242
7216
7243
7217
7244
7218
7245
7219
7246
7220
7247
7221
7248
7222
7249
7223
7250
7224
7251
7225
7252
7226
7253
7227
7254
7255
7229
7256
7230
7257
7231
7258
7232
7259
7233
7260
7234
7261
7235
7262
7236
7263
7237
7264
7238
7265
7239
7266
7240
7267
7241
7268
7242
7269
7243
7270
7244
7271
7245
7272
7246
7273
7247
7274
7248
7275
7249
7276
7250
7277
7251
7278
7252
7279
7253
7280
7254
7281
7255
7282
7283
7257
7284
7258
7285
7259
7286
7260
7287
7261
7288
7262
7289
7263
7290
7264
7291
7265
7292
7266
7293
7267
7294
7268
7295
7269
7296
7270
7297
7271
7298
7272
7299
7273
7300
7274
7301
7275
7302
7276
7303
7277
7304
7278
7305
7279
7306
7280
7307
7281
7308
7282
7309
7283
7310
7311
7285
7312
7286
7313
7287
7314
7288
7315
7289
7316
7290
7317
7291
7318
7292
7319
7293
7320
7294
7321
7295
7322
7296
7323
7297
7324
7298
7325
7299
7326
7300
7327
7301
7328
7302
7329
7303
7330
7304
7331
7305
7332
7306
7333
7307
7334
7308
7335
7309
7336
7310
7337
7311
7338
7339
7313
7340
7314
7341
7315
7342
7316
7343
7317
7344
7318
7345
7319
7346
7320
7347
7321
7348
7322
7349
7323
7350
7324
7351
7325
7352
7326
7353
7327
7354
7328
7355
7329
7356
7330
7357
7331
7358
7332
7359
7333
7360
7334
7361
7335
7362
7336
7363
7337
7364
7338
7365
7339
7366
7367
7341
7368
7342
7369
7343
7370
7344
7371
7345
7372
7346
7373
7347
7374
7348
7375
7349
7376
7350
7377
7351
7378
7352
7379
7353
7380
7354
7381
7355
7382
7356
7383
7357
7384
7358
7385
7359
7386
7360
7387
7361
7388
7362
7389
7363
7390
7364
7391
7365
7392
7366
7393
7367
7394
7395
7369
7396
7370
7397
7371
7398
7372
7399
7373
7400
7374
7401
7375
7402
7376
7403
7377
7404
7378
7405
7379
7406
7380
7407
7381
7408
7382
7409
7383
7410
7384
7411
7385
7412
7386
7413
7387
7414
7388
7415
7389
7416
7390
7417
7391
7418
7392
7419
7393
7420
7394
7421
7395
7422
7423
7397
7424
7398
7425
7399
7426
7400
7427
7401
7428
7402
7429
7403
7430
7404
7431
7405
7432
7406
7433
7407
7434
7408
7435
7409
7436
7410
7437
7411
7438
7412
7439
7413
7440
7414
7441
7415
7442
7416
7443
7417
7444
7418
7445
7419
7446
7420
7447
7421
7448
7422
7449
7423
7450
7451
7425
7452
7426
7453
7427
7454
7428
7455
7429
7456
7430
7457
7431
7458
7432
7459
7433
7460
7434
7461
7435
7462
7436
7463
7437
7464
7438
7465
7439
7466
7440
7467
7441
7468
7442
7469
7443
7470
7444
7471
7445
7472
7446
7473
7447
7474
7448
7475
7449
7476
7450
7477
7451
7478
7479
7453
7480
7454
7481
7455
7482
7456
7483
7457
7484
7458
7485
7459
7486
7460
7487
7461
7488
7462
7489
7463
7490
7464
7491
7465
7492
7466
7493
7467
7494
7468
7495
7469
7496
7470
7497
7471
7498
7472
7499
7473
7500
7474
7501
7475
7502
7476
7503
7477
7504
7478
7505
7479
7506
7507
7481
7508
7482
7509
7483
7510
7484
7511
7485
7512
7486
7513
7487
7514
7488
7515
7489
7516
7490
7517
7491
7518
7492
7519
7493
7520
7494
7521
7495
7522
7496
7523
7497
7524
7498
7525
7499
7526
7500
7527
7501
7528
7502
7529
7503
7530
7504
7531
7505
7532
7506
7533
7507
7534
7535
7509
7536
7510
7537
7511
7538
7512
7539
7513
7540
7514
7541
7515
7542
7516
7543
7517
7544
7518
7545
7519
7546
7520
7547
7521
7548
7522
7549
7523
7550
7524
7551
7525
7552
7526
7553
7527
7554
7528
7555
7529
7556
7530
7557
7531
7558
7532
7559
7533
7560
7534
7561
7535
7562
7563
7537
7564
7538
7565
7539
7566
7540
7567
7541
7568
7542
7569
7543
7570
7544
7571
7545
7572
7546
7573
7547
7574
7548
7575
7549
7576
7550
7577
7551
7578
7552
7579
7553
7580
7554
7581
7555
7582
7556
7583
7557
7584
7558
7585
7559
7586
7560
7587
7561
7588
7562
7589
7563
7590
7591
7565
7592
7566
7593
7567
7594
7568
7595
7569
7596
7570
7597
7571
7598
7572
7599
7573
7600
7574
7601
7575
7602
7576
7603
7577
7604
7578
7605
7579
7606
7580
7607
7581
7608
7582
7609
7583
7610
7584
7611
7585
7612
7586
7613
7587
7614
7588
7615
7589
7616
7590
7617
7591
7618
7619
7593
7620
7594
7621
7595
7622
7596
7623
7597
7624
7598
7625
7599
7626
7600
7627
7601
7628
7602
7629
7603
7630
7604
7631
7605
7632
7606
7633
7607
7634
7608
7635
7609
7636
7610
7637
7611
7638
7612
7639
7613
7640
7614
7641
7615
7642
7616
7643
7617
7644
7618
7645
7619
7646
7647
7621
7648
7622
7649
7623
7650
7624
7651
7625
7652
7626
7653
7627
7654
7628
7655
7629
7656
7630
7657
7631
7658
7632
7659
7633
7660
7634
7661
7635
7662
7636
7663
7637
7664
7638
7665
7639
7666
7640
7667
7641
7668
7642
7669
7643
7670
7644
7671
7645
7672
7646
7673
7647
7674
7675
7649
7676
7650
7677
7651
7678
7652
7679
7653
7680
7654
7681
7655
7682
7656
7683
7657
7684
7658
7685
7659
7686
7660
7687
7661
7688
7662
7689
7663
7690
7664
7691
7665
7692
7666
7693
7667
7694
7668
7695
7669
7696
7670
7697
7671
7698
7672
7699
7673
7700
7674
7701
7675
7702
7703
7677
7678
7679
7680
7681
7682
7683
7684
7685
7686
7687
7688
7689
7690
7691
7692
7693
7694
7695
7696
7697
7698
7699
7700
7701
7702
7703
)


// ************************************************************************* //
